106 1.0
910 0.9
389 0.8
711 0.8
939 0.8
165 0.75
169 0.75
959 0.7142857142857143
22 0.6666666666666666
180 0.6666666666666666
309 0.6666666666666666
507 0.6666666666666666
554 0.6666666666666666
608 0.6666666666666666
645 0.6666666666666666
847 0.6666666666666666
853 0.6666666666666666
375 0.625
390 0.625
498 0.625
185 0.6
720 0.6
75 0.5714285714285714
121 0.5714285714285714
140 0.5714285714285714
232 0.5714285714285714
349 0.5714285714285714
411 0.5714285714285714
451 0.5714285714285714
467 0.5714285714285714
486 0.5714285714285714
585 0.5714285714285714
621 0.5714285714285714
751 0.5714285714285714
879 0.5714285714285714
915 0.5714285714285714
924 0.5714285714285714
943 0.5714285714285714
859 0.5555555555555556
24 0.5
89 0.5
100 0.5
218 0.5
403 0.5
405 0.5
425 0.5
427 0.5
442 0.5
454 0.5
631 0.5
671 0.5
706 0.5
752 0.5
787 0.5
949 0.5
956 0.5
469 0.45454545454545453
115 0.4444444444444444
188 0.4444444444444444
344 0.4444444444444444
455 0.4444444444444444
577 0.4444444444444444
651 0.4444444444444444
770 0.4444444444444444
833 0.4444444444444444
904 0.4444444444444444
909 0.4444444444444444
914 0.4444444444444444
50 0.42857142857142855
92 0.42857142857142855
147 0.42857142857142855
162 0.42857142857142855
187 0.42857142857142855
203 0.42857142857142855
322 0.42857142857142855
336 0.42857142857142855
476 0.42857142857142855
598 0.42857142857142855
740 0.42857142857142855
773 0.42857142857142855
962 0.42857142857142855
987 0.42857142857142855
997 0.42857142857142855
508 0.4166666666666667
7 0.4
14 0.4
36 0.4
82 0.4
87 0.4
212 0.4
331 0.4
488 0.4
489 0.4
700 0.4
802 0.4
855 0.4
948 0.4
951 0.4
999 0.4
831 0.38461538461538464
28 0.375
41 0.375
66 0.375
155 0.375
182 0.375
270 0.375
424 0.375
433 0.375
514 0.375
553 0.375
566 0.375
627 0.375
692 0.375
794 0.375
822 0.375
902 0.375
944 0.375
19 0.36363636363636365
122 0.36363636363636365
233 0.36363636363636365
399 0.36363636363636365
430 0.36363636363636365
746 0.36363636363636365
749 0.36363636363636365
771 0.36363636363636365
791 0.36363636363636365
815 0.36363636363636365
851 0.36363636363636365
873 0.36363636363636365
935 0.36363636363636365
20 0.3333333333333333
32 0.3333333333333333
37 0.3333333333333333
48 0.3333333333333333
93 0.3333333333333333
118 0.3333333333333333
138 0.3333333333333333
146 0.3333333333333333
149 0.3333333333333333
159 0.3333333333333333
186 0.3333333333333333
189 0.3333333333333333
194 0.3333333333333333
201 0.3333333333333333
221 0.3333333333333333
223 0.3333333333333333
225 0.3333333333333333
226 0.3333333333333333
234 0.3333333333333333
238 0.3333333333333333
244 0.3333333333333333
251 0.3333333333333333
273 0.3333333333333333
291 0.3333333333333333
296 0.3333333333333333
299 0.3333333333333333
300 0.3333333333333333
307 0.3333333333333333
308 0.3333333333333333
317 0.3333333333333333
340 0.3333333333333333
347 0.3333333333333333
350 0.3333333333333333
373 0.3333333333333333
409 0.3333333333333333
420 0.3333333333333333
448 0.3333333333333333
468 0.3333333333333333
480 0.3333333333333333
487 0.3333333333333333
510 0.3333333333333333
522 0.3333333333333333
537 0.3333333333333333
539 0.3333333333333333
543 0.3333333333333333
568 0.3333333333333333
578 0.3333333333333333
590 0.3333333333333333
599 0.3333333333333333
607 0.3333333333333333
620 0.3333333333333333
669 0.3333333333333333
679 0.3333333333333333
689 0.3333333333333333
695 0.3333333333333333
712 0.3333333333333333
732 0.3333333333333333
736 0.3333333333333333
762 0.3333333333333333
795 0.3333333333333333
801 0.3333333333333333
806 0.3333333333333333
827 0.3333333333333333
835 0.3333333333333333
840 0.3333333333333333
849 0.3333333333333333
864 0.3333333333333333
880 0.3333333333333333
882 0.3333333333333333
886 0.3333333333333333
905 0.3333333333333333
911 0.3333333333333333
941 0.3333333333333333
946 0.3333333333333333
955 0.3333333333333333
958 0.3333333333333333
963 0.3333333333333333
971 0.3333333333333333
975 0.3333333333333333
981 0.3333333333333333
992 0.3333333333333333
119 0.3076923076923077
230 0.3076923076923077
231 0.3076923076923077
519 0.3076923076923077
792 0.3076923076923077
845 0.3076923076923077
3 0.3
38 0.3
56 0.3
58 0.3
72 0.3
107 0.3
129 0.3
158 0.3
170 0.3
196 0.3
206 0.3
245 0.3
257 0.3
272 0.3
297 0.3
305 0.3
316 0.3
328 0.3
371 0.3
380 0.3
381 0.3
428 0.3
460 0.3
474 0.3
503 0.3
540 0.3
544 0.3
572 0.3
595 0.3
667 0.3
673 0.3
677 0.3
716 0.3
