407 0.8888888888888888
265 0.8571428571428571
938 0.8571428571428571
119 0.8333333333333334
222 0.8333333333333334
947 0.8333333333333334
97 0.8
600 0.7777777777777778
194 0.75
737 0.7272727272727273
501 0.7142857142857143
786 0.7142857142857143
742 0.7
892 0.7
38 0.6666666666666666
168 0.6666666666666666
207 0.6666666666666666
232 0.6666666666666666
303 0.6666666666666666
330 0.6666666666666666
361 0.6666666666666666
472 0.6666666666666666
485 0.6666666666666666
500 0.6666666666666666
521 0.6666666666666666
595 0.6666666666666666
598 0.6666666666666666
629 0.6666666666666666
647 0.6666666666666666
904 0.6666666666666666
917 0.6666666666666666
592 0.6363636363636364
708 0.625
834 0.625
36 0.6
613 0.6
24 0.5714285714285714
29 0.5714285714285714
60 0.5714285714285714
290 0.5714285714285714
376 0.5714285714285714
413 0.5714285714285714
434 0.5714285714285714
487 0.5714285714285714
502 0.5714285714285714
624 0.5714285714285714
665 0.5714285714285714
873 0.5714285714285714
888 0.5714285714285714
2 0.5555555555555556
188 0.5555555555555556
317 0.5555555555555556
166 0.5454545454545454
21 0.5
145 0.5
172 0.5
225 0.5
226 0.5
248 0.5
305 0.5
404 0.5
469 0.5
474 0.5
530 0.5
562 0.5
646 0.5
700 0.5
723 0.5
730 0.5
750 0.5
791 0.5
870 0.5
884 0.5
918 0.5
929 0.5
973 0.5
987 0.5
262 0.46153846153846156
240 0.45454545454545453
270 0.45454545454545453
124 0.4444444444444444
183 0.4444444444444444
202 0.4444444444444444
220 0.4444444444444444
314 0.4444444444444444
344 0.4444444444444444
405 0.4444444444444444
439 0.4444444444444444
449 0.4444444444444444
538 0.4444444444444444
553 0.4444444444444444
564 0.4444444444444444
604 0.4444444444444444
619 0.4444444444444444
638 0.4444444444444444
690 0.4444444444444444
697 0.4444444444444444
731 0.4444444444444444
800 0.4444444444444444
909 0.4444444444444444
994 0.4444444444444444
34 0.42857142857142855
65 0.42857142857142855
77 0.42857142857142855
106 0.42857142857142855
114 0.42857142857142855
121 0.42857142857142855
132 0.42857142857142855
209 0.42857142857142855
280 0.42857142857142855
352 0.42857142857142855
378 0.42857142857142855
385 0.42857142857142855
479 0.42857142857142855
489 0.42857142857142855
536 0.42857142857142855
569 0.42857142857142855
688 0.42857142857142855
691 0.42857142857142855
935 0.42857142857142855
956 0.42857142857142855
52 0.4166666666666667
35 0.4
62 0.4
67 0.4
96 0.4
126 0.4
162 0.4
214 0.4
276 0.4
281 0.4
395 0.4
415 0.4
471 0.4
491 0.4
529 0.4
533 0.4
580 0.4
594 0.4
681 0.4
919 0.4
988 0.4
44 0.375
99 0.375
104 0.375
159 0.375
165 0.375
274 0.375
275 0.375
307 0.375
379 0.375
436 0.375
441 0.375
575 0.375
581 0.375
642 0.375
718 0.375
726 0.375
766 0.375
768 0.375
798 0.375
808 0.375
830 0.375
923 0.375
253 0.36363636363636365
304 0.36363636363636365
558 0.36363636363636365
561 0.36363636363636365
576 0.36363636363636365
578 0.36363636363636365
663 0.36363636363636365
694 0.36363636363636365
940 0.36363636363636365
10 0.3333333333333333
42 0.3333333333333333
69 0.3333333333333333
93 0.3333333333333333
95 0.3333333333333333
101 0.3333333333333333
130 0.3333333333333333
174 0.3333333333333333
177 0.3333333333333333
179 0.3333333333333333
193 0.3333333333333333
197 0.3333333333333333
211 0.3333333333333333
215 0.3333333333333333
245 0.3333333333333333
254 0.3333333333333333
272 0.3333333333333333
282 0.3333333333333333
292 0.3333333333333333
324 0.3333333333333333
373 0.3333333333333333
375 0.3333333333333333
380 0.3333333333333333
450 0.3333333333333333
458 0.3333333333333333
462 0.3333333333333333
463 0.3333333333333333
466 0.3333333333333333
467 0.3333333333333333
470 0.3333333333333333
486 0.3333333333333333
490 0.3333333333333333
493 0.3333333333333333
503 0.3333333333333333
532 0.3333333333333333
552 0.3333333333333333
566 0.3333333333333333
574 0.3333333333333333
583 0.3333333333333333
599 0.3333333333333333
626 0.3333333333333333
627 0.3333333333333333
631 0.3333333333333333
652 0.3333333333333333
657 0.3333333333333333
677 0.3333333333333333
696 0.3333333333333333
704 0.3333333333333333
705 0.3333333333333333
715 0.3333333333333333
721 0.3333333333333333
732 0.3333333333333333
741 0.3333333333333333
754 0.3333333333333333
756 0.3333333333333333
792 0.3333333333333333
820 0.3333333333333333
824 0.3333333333333333
827 0.3333333333333333
829 0.3333333333333333
861 0.3333333333333333
883 0.3333333333333333
905 0.3333333333333333
921 0.3333333333333333
960 0.3333333333333333
966 0.3333333333333333
163 0.3076923076923077
244 0.3076923076923077
257 0.3076923076923077
483 0.3076923076923077
758 0.3076923076923077
837 0.3076923076923077
0 0.3
6 0.3
8 0.3
17 0.3
39 0.3
