580 0.875
399 0.8571428571428571
78 0.8333333333333334
954 0.8181818181818182
133 0.8
425 0.75
560 0.75
879 0.7142857142857143
183 0.6666666666666666
322 0.6666666666666666
372 0.6666666666666666
773 0.6666666666666666
0 0.6363636363636364
236 0.6
280 0.6
526 0.6
585 0.6
817 0.6
33 0.5714285714285714
100 0.5714285714285714
115 0.5714285714285714
195 0.5714285714285714
219 0.5714285714285714
347 0.5714285714285714
378 0.5714285714285714
416 0.5714285714285714
538 0.5714285714285714
587 0.5714285714285714
667 0.5714285714285714
716 0.5714285714285714
859 0.5714285714285714
884 0.5714285714285714
122 0.5555555555555556
387 0.5555555555555556
420 0.5555555555555556
496 0.5555555555555556
3 0.5
41 0.5
76 0.5
179 0.5
318 0.5
329 0.5
348 0.5
364 0.5
376 0.5
388 0.5
455 0.5
650 0.5
728 0.5
746 0.5
787 0.5
804 0.5
890 0.5
900 0.5
992 0.5
146 0.4444444444444444
148 0.4444444444444444
204 0.4444444444444444
288 0.4444444444444444
377 0.4444444444444444
461 0.4444444444444444
472 0.4444444444444444
692 0.4444444444444444
869 0.4444444444444444
932 0.4444444444444444
984 0.4444444444444444
999 0.4444444444444444
22 0.42857142857142855
167 0.42857142857142855
171 0.42857142857142855
215 0.42857142857142855
245 0.42857142857142855
256 0.42857142857142855
480 0.42857142857142855
517 0.42857142857142855
534 0.42857142857142855
639 0.42857142857142855
800 0.42857142857142855
812 0.42857142857142855
336 0.4166666666666667
1 0.4
14 0.4
20 0.4
174 0.4
543 0.4
610 0.4
738 0.4
762 0.4
790 0.4
903 0.4
917 0.4
994 0.4
39 0.375
42 0.375
123 0.375
143 0.375
149 0.375
182 0.375
188 0.375
228 0.375
268 0.375
289 0.375
293 0.375
352 0.375
412 0.375
442 0.375
469 0.375
471 0.375
497 0.375
501 0.375
550 0.375
591 0.375
598 0.375
663 0.375
666 0.375
693 0.375
695 0.375
740 0.375
809 0.375
810 0.375
897 0.375
936 0.375
10 0.36363636363636365
46 0.36363636363636365
197 0.36363636363636365
279 0.36363636363636365
295 0.36363636363636365
398 0.36363636363636365
493 0.36363636363636365
619 0.36363636363636365
703 0.36363636363636365
896 0.36363636363636365
930 0.36363636363636365
257 0.35714285714285715
5 0.3333333333333333
24 0.3333333333333333
26 0.3333333333333333
29 0.3333333333333333
32 0.3333333333333333
35 0.3333333333333333
45 0.3333333333333333
70 0.3333333333333333
92 0.3333333333333333
102 0.3333333333333333
142 0.3333333333333333
145 0.3333333333333333
168 0.3333333333333333
172 0.3333333333333333
205 0.3333333333333333
218 0.3333333333333333
231 0.3333333333333333
237 0.3333333333333333
241 0.3333333333333333
246 0.3333333333333333
266 0.3333333333333333
276 0.3333333333333333
287 0.3333333333333333
290 0.3333333333333333
321 0.3333333333333333
337 0.3333333333333333
350 0.3333333333333333
354 0.3333333333333333
375 0.3333333333333333
379 0.3333333333333333
391 0.3333333333333333
411 0.3333333333333333
426 0.3333333333333333
427 0.3333333333333333
429 0.3333333333333333
490 0.3333333333333333
494 0.3333333333333333
505 0.3333333333333333
511 0.3333333333333333
512 0.3333333333333333
516 0.3333333333333333
575 0.3333333333333333
576 0.3333333333333333
581 0.3333333333333333
618 0.3333333333333333
625 0.3333333333333333
642 0.3333333333333333
643 0.3333333333333333
649 0.3333333333333333
655 0.3333333333333333
685 0.3333333333333333
696 0.3333333333333333
709 0.3333333333333333
714 0.3333333333333333
719 0.3333333333333333
721 0.3333333333333333
739 0.3333333333333333
772 0.3333333333333333
788 0.3333333333333333
789 0.3333333333333333
795 0.3333333333333333
808 0.3333333333333333
815 0.3333333333333333
838 0.3333333333333333
846 0.3333333333333333
856 0.3333333333333333
870 0.3333333333333333
885 0.3333333333333333
916 0.3333333333333333
956 0.3333333333333333
980 0.3333333333333333
989 0.3333333333333333
997 0.3333333333333333
58 0.3076923076923077
68 0.3076923076923077
105 0.3076923076923077
178 0.3076923076923077
181 0.3076923076923077
251 0.3076923076923077
335 0.3076923076923077
470 0.3076923076923077
528 0.3076923076923077
710 0.3076923076923077
766 0.3076923076923077
13 0.3
23 0.3
25 0.3
54 0.3
89 0.3
91 0.3
94 0.3
107 0.3
121 0.3
128 0.3
157 0.3
161 0.3
234 0.3
254 0.3
283 0.3
291 0.3
307 0.3
341 0.3
344 0.3
394 0.3
449 0.3
453 0.3
465 0.3
510 0.3
522 0.3
545 0.3
567 0.3
592 0.3
594 0.3
613 0.3
624 0.3
633 0.3
