44 1.0
916 0.8333333333333334
848 0.8181818181818182
543 0.8
502 0.7777777777777778
653 0.75
934 0.75
175 0.7272727272727273
108 0.7142857142857143
838 0.7142857142857143
227 0.7
736 0.7
21 0.6666666666666666
285 0.6666666666666666
302 0.6666666666666666
305 0.6666666666666666
512 0.6666666666666666
517 0.6666666666666666
646 0.6666666666666666
731 0.6666666666666666
735 0.6666666666666666
781 0.625
35 0.6
999 0.6
245 0.5714285714285714
322 0.5714285714285714
331 0.5714285714285714
369 0.5714285714285714
536 0.5714285714285714
598 0.5714285714285714
690 0.5714285714285714
727 0.5714285714285714
752 0.5714285714285714
865 0.5714285714285714
881 0.5714285714285714
887 0.5714285714285714
911 0.5714285714285714
73 0.5
75 0.5
105 0.5
225 0.5
257 0.5
273 0.5
292 0.5
340 0.5
429 0.5
441 0.5
448 0.5
474 0.5
483 0.5
537 0.5
606 0.5
684 0.5
687 0.5
885 0.5
975 0.5
159 0.45454545454545453
927 0.45454545454545453
57 0.4444444444444444
77 0.4444444444444444
274 0.4444444444444444
339 0.4444444444444444
372 0.4444444444444444
392 0.4444444444444444
509 0.4444444444444444
693 0.4444444444444444
701 0.4444444444444444
718 0.4444444444444444
728 0.4444444444444444
747 0.4444444444444444
756 0.4444444444444444
787 0.4444444444444444
788 0.4444444444444444
852 0.4444444444444444
899 0.4444444444444444
914 0.4444444444444444
928 0.4444444444444444
940 0.4444444444444444
10 0.42857142857142855
85 0.42857142857142855
104 0.42857142857142855
120 0.42857142857142855
219 0.42857142857142855
221 0.42857142857142855
231 0.42857142857142855
260 0.42857142857142855
284 0.42857142857142855
444 0.42857142857142855
508 0.42857142857142855
521 0.42857142857142855
565 0.42857142857142855
655 0.42857142857142855
719 0.42857142857142855
720 0.42857142857142855
748 0.42857142857142855
915 0.42857142857142855
587 0.4166666666666667
540 0.4117647058823529
140 0.4
157 0.4
241 0.4
297 0.4
401 0.4
413 0.4
435 0.4
510 0.4
514 0.4
530 0.4
552 0.4
647 0.4
658 0.4
737 0.4
776 0.4
908 0.4
932 0.4
198 0.38461538461538464
470 0.38461538461538464
53 0.375
66 0.375
68 0.375
156 0.375
238 0.375
242 0.375
248 0.375
309 0.375
356 0.375
357 0.375
358 0.375
362 0.375
434 0.375
501 0.375
588 0.375
617 0.375
656 0.375
688 0.375
726 0.375
745 0.375
789 0.375
802 0.375
876 0.375
882 0.375
960 0.375
961 0.375
996 0.375
169 0.36363636363636365
170 0.36363636363636365
373 0.36363636363636365
388 0.36363636363636365
399 0.36363636363636365
564 0.36363636363636365
724 0.36363636363636365
792 0.36363636363636365
936 0.36363636363636365
3 0.3333333333333333
5 0.3333333333333333
16 0.3333333333333333
42 0.3333333333333333
47 0.3333333333333333
62 0.3333333333333333
65 0.3333333333333333
74 0.3333333333333333
81 0.3333333333333333
97 0.3333333333333333
117 0.3333333333333333
136 0.3333333333333333
167 0.3333333333333333
180 0.3333333333333333
181 0.3333333333333333
199 0.3333333333333333
204 0.3333333333333333
207 0.3333333333333333
222 0.3333333333333333
223 0.3333333333333333
229 0.3333333333333333
253 0.3333333333333333
304 0.3333333333333333
319 0.3333333333333333
327 0.3333333333333333
330 0.3333333333333333
361 0.3333333333333333
387 0.3333333333333333
406 0.3333333333333333
439 0.3333333333333333
453 0.3333333333333333
467 0.3333333333333333
471 0.3333333333333333
478 0.3333333333333333
481 0.3333333333333333
503 0.3333333333333333
535 0.3333333333333333
549 0.3333333333333333
551 0.3333333333333333
567 0.3333333333333333
568 0.3333333333333333
591 0.3333333333333333
592 0.3333333333333333
613 0.3333333333333333
627 0.3333333333333333
638 0.3333333333333333
643 0.3333333333333333
644 0.3333333333333333
674 0.3333333333333333
682 0.3333333333333333
686 0.3333333333333333
692 0.3333333333333333
696 0.3333333333333333
742 0.3333333333333333
801 0.3333333333333333
816 0.3333333333333333
818 0.3333333333333333
824 0.3333333333333333
827 0.3333333333333333
832 0.3333333333333333
833 0.3333333333333333
837 0.3333333333333333
889 0.3333333333333333
912 0.3333333333333333
926 0.3333333333333333
931 0.3333333333333333
938 0.3333333333333333
943 0.3333333333333333
956 0.3333333333333333
974 0.3333333333333333
988 0.3333333333333333
89 0.3076923076923077
125 0.3076923076923077
173 0.3076923076923077
272 0.3076923076923077
321 0.3076923076923077
380 0.3076923076923077
390 0.3076923076923077
476 0.3076923076923077
522 0.3076923076923077
738 0.3076923076923077
892 0.3076923076923077
12 0.3
13 0.3
27 0.3
36 0.3
64 0.3
131 0.3
139 0.3
141 0.3
147 0.3
182 0.3
203 0.3
249 0.3
259 0.3
294 0.3
328 0.3
