809 1.0
590 0.875
424 0.8333333333333334
183 0.8
511 0.7777777777777778
76 0.75
402 0.75
690 0.75
189 0.7272727272727273
373 0.7142857142857143
390 0.7142857142857143
14 0.6666666666666666
61 0.6666666666666666
92 0.6666666666666666
162 0.6666666666666666
226 0.6666666666666666
802 0.6666666666666666
958 0.6666666666666666
981 0.6666666666666666
152 0.6
589 0.6
51 0.5714285714285714
77 0.5714285714285714
112 0.5714285714285714
137 0.5714285714285714
194 0.5714285714285714
330 0.5714285714285714
367 0.5714285714285714
397 0.5714285714285714
536 0.5714285714285714
546 0.5714285714285714
603 0.5714285714285714
622 0.5714285714285714
693 0.5714285714285714
732 0.5714285714285714
833 0.5714285714285714
859 0.5714285714285714
878 0.5714285714285714
913 0.5714285714285714
960 0.5714285714285714
634 0.5555555555555556
893 0.5555555555555556
921 0.5555555555555556
49 0.5
86 0.5
124 0.5
141 0.5
148 0.5
187 0.5
195 0.5
273 0.5
383 0.5
441 0.5
459 0.5
460 0.5
461 0.5
618 0.5
662 0.5
686 0.5
738 0.5
851 0.5
807 0.45454545454545453
126 0.4444444444444444
224 0.4444444444444444
284 0.4444444444444444
303 0.4444444444444444
321 0.4444444444444444
384 0.4444444444444444
386 0.4444444444444444
413 0.4444444444444444
428 0.4444444444444444
609 0.4444444444444444
680 0.4444444444444444
715 0.4444444444444444
842 0.4444444444444444
903 0.4444444444444444
928 0.4444444444444444
22 0.42857142857142855
24 0.42857142857142855
72 0.42857142857142855
97 0.42857142857142855
130 0.42857142857142855
170 0.42857142857142855
171 0.42857142857142855
204 0.42857142857142855
234 0.42857142857142855
236 0.42857142857142855
272 0.42857142857142855
329 0.42857142857142855
419 0.42857142857142855
457 0.42857142857142855
470 0.42857142857142855
535 0.42857142857142855
549 0.42857142857142855
555 0.42857142857142855
572 0.42857142857142855
591 0.42857142857142855
612 0.42857142857142855
716 0.42857142857142855
939 0.42857142857142855
974 0.42857142857142855
654 0.4166666666666667
64 0.4
79 0.4
81 0.4
184 0.4
198 0.4
221 0.4
252 0.4
266 0.4
275 0.4
320 0.4
507 0.4
523 0.4
581 0.4
597 0.4
682 0.4
683 0.4
766 0.4
988 0.4
25 0.375
46 0.375
52 0.375
60 0.375
159 0.375
232 0.375
247 0.375
304 0.375
363 0.375
458 0.375
624 0.375
659 0.375
660 0.375
674 0.375
698 0.375
744 0.375
803 0.375
827 0.375
856 0.375
897 0.375
922 0.375
153 0.36363636363636365
200 0.36363636363636365
277 0.36363636363636365
305 0.36363636363636365
356 0.36363636363636365
408 0.36363636363636365
423 0.36363636363636365
427 0.36363636363636365
548 0.36363636363636365
592 0.36363636363636365
636 0.36363636363636365
655 0.36363636363636365
872 0.36363636363636365
891 0.36363636363636365
916 0.36363636363636365
656 0.35714285714285715
672 0.35714285714285715
23 0.3333333333333333
30 0.3333333333333333
34 0.3333333333333333
36 0.3333333333333333
44 0.3333333333333333
87 0.3333333333333333
114 0.3333333333333333
133 0.3333333333333333
168 0.3333333333333333
199 0.3333333333333333
231 0.3333333333333333
290 0.3333333333333333
301 0.3333333333333333
339 0.3333333333333333
352 0.3333333333333333
372 0.3333333333333333
376 0.3333333333333333
385 0.3333333333333333
403 0.3333333333333333
416 0.3333333333333333
425 0.3333333333333333
483 0.3333333333333333
500 0.3333333333333333
502 0.3333333333333333
513 0.3333333333333333
515 0.3333333333333333
537 0.3333333333333333
575 0.3333333333333333
588 0.3333333333333333
606 0.3333333333333333
617 0.3333333333333333
631 0.3333333333333333
651 0.3333333333333333
661 0.3333333333333333
684 0.3333333333333333
692 0.3333333333333333
702 0.3333333333333333
717 0.3333333333333333
718 0.3333333333333333
727 0.3333333333333333
728 0.3333333333333333
734 0.3333333333333333
752 0.3333333333333333
763 0.3333333333333333
806 0.3333333333333333
812 0.3333333333333333
816 0.3333333333333333
826 0.3333333333333333
844 0.3333333333333333
880 0.3333333333333333
900 0.3333333333333333
908 0.3333333333333333
909 0.3333333333333333
919 0.3333333333333333
931 0.3333333333333333
951 0.3333333333333333
957 0.3333333333333333
973 0.3333333333333333
202 0.3076923076923077
215 0.3076923076923077
313 0.3076923076923077
418 0.3076923076923077
464 0.3076923076923077
621 0.3076923076923077
764 0.3076923076923077
814 0.3076923076923077
0 0.3
4 0.3
32 0.3
33 0.3
39 0.3
56 0.3
66 0.3
91 0.3
138 0.3
156 0.3
166 0.3
177 0.3
240 0.3
250 0.3
265 0.3
283 0.3
287 0.3
289 0.3
317 0.3
342 0.3
368 0.3
471 0.3
490 0.3
501 0.3
519 0.3
543 0.3
