917 0.875
618 0.8571428571428571
532 0.8181818181818182
610 0.8181818181818182
11 0.8
54 0.8
378 0.8
880 0.8
684 0.7777777777777778
25 0.75
186 0.75
678 0.75
458 0.7272727272727273
590 0.7272727272727273
679 0.7272727272727273
666 0.7142857142857143
110 0.7
10 0.6666666666666666
75 0.6666666666666666
140 0.6666666666666666
141 0.6666666666666666
164 0.6666666666666666
278 0.6666666666666666
349 0.6666666666666666
524 0.6666666666666666
698 0.6666666666666666
769 0.6666666666666666
778 0.6666666666666666
815 0.6666666666666666
924 0.6666666666666666
359 0.6363636363636364
18 0.6
390 0.5714285714285714
449 0.5714285714285714
535 0.5714285714285714
576 0.5714285714285714
807 0.5714285714285714
982 0.5714285714285714
159 0.5555555555555556
836 0.5555555555555556
680 0.5454545454545454
36 0.5
56 0.5
117 0.5
168 0.5
214 0.5
254 0.5
296 0.5
356 0.5
388 0.5
404 0.5
418 0.5
511 0.5
515 0.5
554 0.5
613 0.5
635 0.5
638 0.5
720 0.5
851 0.5
854 0.5
868 0.5
936 0.5
960 0.5
364 0.45454545454545453
930 0.45454545454545453
71 0.4444444444444444
176 0.4444444444444444
205 0.4444444444444444
277 0.4444444444444444
303 0.4444444444444444
369 0.4444444444444444
440 0.4444444444444444
498 0.4444444444444444
525 0.4444444444444444
545 0.4444444444444444
588 0.4444444444444444
595 0.4444444444444444
621 0.4444444444444444
708 0.4444444444444444
814 0.4444444444444444
859 0.4444444444444444
932 0.4444444444444444
950 0.4444444444444444
237 0.42857142857142855
242 0.42857142857142855
327 0.42857142857142855
382 0.42857142857142855
393 0.42857142857142855
573 0.42857142857142855
710 0.42857142857142855
780 0.42857142857142855
846 0.42857142857142855
905 0.42857142857142855
16 0.4166666666666667
629 0.4166666666666667
19 0.4
28 0.4
44 0.4
49 0.4
50 0.4
112 0.4
187 0.4
228 0.4
235 0.4
246 0.4
258 0.4
271 0.4
312 0.4
319 0.4
513 0.4
665 0.4
737 0.4
864 0.4
565 0.38461538461538464
31 0.375
80 0.375
100 0.375
127 0.375
193 0.375
234 0.375
241 0.375
260 0.375
324 0.375
373 0.375
427 0.375
485 0.375
503 0.375
593 0.375
611 0.375
648 0.375
662 0.375
740 0.375
750 0.375
753 0.375
788 0.375
792 0.375
800 0.375
805 0.375
886 0.375
909 0.375
918 0.375
919 0.375
971 0.375
135 0.36363636363636365
207 0.36363636363636365
342 0.36363636363636365
398 0.36363636363636365
411 0.36363636363636365
441 0.36363636363636365
482 0.36363636363636365
579 0.36363636363636365
637 0.36363636363636365
755 0.36363636363636365
798 0.36363636363636365
853 0.36363636363636365
38 0.35714285714285715
523 0.35714285714285715
681 0.35714285714285715
0 0.3333333333333333
1 0.3333333333333333
21 0.3333333333333333
27 0.3333333333333333
46 0.3333333333333333
61 0.3333333333333333
66 0.3333333333333333
68 0.3333333333333333
76 0.3333333333333333
85 0.3333333333333333
105 0.3333333333333333
131 0.3333333333333333
156 0.3333333333333333
169 0.3333333333333333
170 0.3333333333333333
189 0.3333333333333333
203 0.3333333333333333
231 0.3333333333333333
252 0.3333333333333333
259 0.3333333333333333
262 0.3333333333333333
276 0.3333333333333333
289 0.3333333333333333
333 0.3333333333333333
334 0.3333333333333333
337 0.3333333333333333
371 0.3333333333333333
402 0.3333333333333333
403 0.3333333333333333
430 0.3333333333333333
433 0.3333333333333333
438 0.3333333333333333
451 0.3333333333333333
472 0.3333333333333333
501 0.3333333333333333
516 0.3333333333333333
519 0.3333333333333333
520 0.3333333333333333
528 0.3333333333333333
531 0.3333333333333333
538 0.3333333333333333
559 0.3333333333333333
560 0.3333333333333333
584 0.3333333333333333
587 0.3333333333333333
592 0.3333333333333333
627 0.3333333333333333
642 0.3333333333333333
644 0.3333333333333333
652 0.3333333333333333
661 0.3333333333333333
669 0.3333333333333333
674 0.3333333333333333
686 0.3333333333333333
688 0.3333333333333333
699 0.3333333333333333
700 0.3333333333333333
721 0.3333333333333333
727 0.3333333333333333
741 0.3333333333333333
747 0.3333333333333333
758 0.3333333333333333
779 0.3333333333333333
781 0.3333333333333333
782 0.3333333333333333
790 0.3333333333333333
791 0.3333333333333333
796 0.3333333333333333
797 0.3333333333333333
803 0.3333333333333333
806 0.3333333333333333
810 0.3333333333333333
812 0.3333333333333333
839 0.3333333333333333
844 0.3333333333333333
856 0.3333333333333333
857 0.3333333333333333
878 0.3333333333333333
913 0.3333333333333333
916 0.3333333333333333
926 0.3333333333333333
935 0.3333333333333333
942 0.3333333333333333
961 0.3333333333333333
966 0.3333333333333333
979 0.3333333333333333
980 0.3333333333333333
981 0.3333333333333333
984 0.3333333333333333
996 0.3333333333333333
997 0.3333333333333333
