916 1.0
809 0.875
221 0.8
782 0.8
855 0.8
247 0.75
897 0.75
910 0.75
129 0.7272727272727273
313 0.7272727272727273
467 0.7142857142857143
974 0.7142857142857143
47 0.6666666666666666
535 0.6666666666666666
589 0.6666666666666666
601 0.6666666666666666
695 0.6666666666666666
831 0.6666666666666666
832 0.6666666666666666
875 0.6666666666666666
880 0.6666666666666666
881 0.6666666666666666
853 0.625
950 0.625
66 0.6
314 0.6
1 0.5714285714285714
64 0.5714285714285714
255 0.5714285714285714
276 0.5714285714285714
304 0.5714285714285714
322 0.5714285714285714
397 0.5714285714285714
400 0.5714285714285714
463 0.5714285714285714
517 0.5714285714285714
526 0.5714285714285714
538 0.5714285714285714
542 0.5714285714285714
581 0.5714285714285714
606 0.5714285714285714
746 0.5714285714285714
786 0.5714285714285714
811 0.5714285714285714
818 0.5714285714285714
934 0.5714285714285714
106 0.5555555555555556
670 0.5555555555555556
803 0.5555555555555556
847 0.5454545454545454
928 0.5384615384615384
55 0.5
70 0.5
133 0.5
169 0.5
200 0.5
289 0.5
343 0.5
367 0.5
394 0.5
476 0.5
492 0.5
508 0.5
565 0.5
607 0.5
623 0.5
656 0.5
716 0.5
740 0.5
765 0.5
779 0.5
800 0.5
867 0.5
889 0.5
939 0.5
945 0.5
968 0.5
992 0.5
328 0.46153846153846156
644 0.46153846153846156
460 0.45454545454545453
519 0.45454545454545453
904 0.45454545454545453
54 0.4444444444444444
174 0.4444444444444444
237 0.4444444444444444
277 0.4444444444444444
286 0.4444444444444444
329 0.4444444444444444
363 0.4444444444444444
421 0.4444444444444444
435 0.4444444444444444
439 0.4444444444444444
441 0.4444444444444444
447 0.4444444444444444
528 0.4444444444444444
618 0.4444444444444444
703 0.4444444444444444
722 0.4444444444444444
764 0.4444444444444444
798 0.4444444444444444
913 0.4444444444444444
6 0.42857142857142855
17 0.42857142857142855
27 0.42857142857142855
65 0.42857142857142855
109 0.42857142857142855
116 0.42857142857142855
151 0.42857142857142855
187 0.42857142857142855
262 0.42857142857142855
533 0.42857142857142855
573 0.42857142857142855
594 0.42857142857142855
616 0.42857142857142855
634 0.42857142857142855
652 0.42857142857142855
694 0.42857142857142855
732 0.42857142857142855
759 0.42857142857142855
893 0.42857142857142855
962 0.42857142857142855
973 0.42857142857142855
294 0.4166666666666667
52 0.4
92 0.4
104 0.4
137 0.4
139 0.4
175 0.4
212 0.4
292 0.4
365 0.4
366 0.4
403 0.4
436 0.4
461 0.4
488 0.4
500 0.4
531 0.4
614 0.4
635 0.4
659 0.4
728 0.4
821 0.4
919 0.4
938 0.4
996 0.4
862 0.38461538461538464
42 0.375
59 0.375
63 0.375
80 0.375
89 0.375
167 0.375
170 0.375
207 0.375
240 0.375
256 0.375
259 0.375
337 0.375
339 0.375
344 0.375
377 0.375
398 0.375
445 0.375
449 0.375
450 0.375
484 0.375
516 0.375
636 0.375
688 0.375
736 0.375
797 0.375
819 0.375
840 0.375
30 0.36363636363636365
36 0.36363636363636365
44 0.36363636363636365
68 0.36363636363636365
198 0.36363636363636365
263 0.36363636363636365
320 0.36363636363636365
374 0.36363636363636365
384 0.36363636363636365
418 0.36363636363636365
466 0.36363636363636365
582 0.36363636363636365
630 0.36363636363636365
655 0.36363636363636365
665 0.36363636363636365
810 0.36363636363636365
827 0.36363636363636365
7 0.3333333333333333
11 0.3333333333333333
12 0.3333333333333333
21 0.3333333333333333
31 0.3333333333333333
51 0.3333333333333333
69 0.3333333333333333
93 0.3333333333333333
103 0.3333333333333333
112 0.3333333333333333
121 0.3333333333333333
126 0.3333333333333333
161 0.3333333333333333
188 0.3333333333333333
201 0.3333333333333333
222 0.3333333333333333
226 0.3333333333333333
232 0.3333333333333333
236 0.3333333333333333
242 0.3333333333333333
281 0.3333333333333333
285 0.3333333333333333
301 0.3333333333333333
311 0.3333333333333333
323 0.3333333333333333
334 0.3333333333333333
346 0.3333333333333333
352 0.3333333333333333
362 0.3333333333333333
369 0.3333333333333333
372 0.3333333333333333
383 0.3333333333333333
413 0.3333333333333333
434 0.3333333333333333
491 0.3333333333333333
499 0.3333333333333333
506 0.3333333333333333
566 0.3333333333333333
592 0.3333333333333333
603 0.3333333333333333
615 0.3333333333333333
627 0.3333333333333333
629 0.3333333333333333
648 0.3333333333333333
657 0.3333333333333333
668 0.3333333333333333
674 0.3333333333333333
679 0.3333333333333333
684 0.3333333333333333
685 0.3333333333333333
689 0.3333333333333333
696 0.3333333333333333
699 0.3333333333333333
700 0.3333333333333333
721 0.3333333333333333
723 0.3333333333333333
737 0.3333333333333333
