742 1.0
703 0.7142857142857143
709 0.7142857142857143
509 0.7
6 0.6666666666666666
95 0.6666666666666666
242 0.6666666666666666
269 0.6666666666666666
317 0.6666666666666666
671 0.6666666666666666
681 0.6666666666666666
914 0.6666666666666666
539 0.6363636363636364
582 0.6
98 0.5714285714285714
167 0.5714285714285714
196 0.5714285714285714
373 0.5714285714285714
971 0.5714285714285714
39 0.5
48 0.5
254 0.5
300 0.5
643 0.5
881 0.5
892 0.5
956 0.45454545454545453
72 0.4444444444444444
127 0.4444444444444444
213 0.4444444444444444
382 0.4444444444444444
391 0.4444444444444444
417 0.4444444444444444
421 0.4444444444444444
444 0.4444444444444444
592 0.4444444444444444
664 0.4444444444444444
785 0.4444444444444444
933 0.4444444444444444
960 0.4444444444444444
991 0.4444444444444444
36 0.42857142857142855
267 0.42857142857142855
683 0.42857142857142855
840 0.42857142857142855
910 0.42857142857142855
273 0.4166666666666667
199 0.4
227 0.4
292 0.4
434 0.4
566 0.4
670 0.4
801 0.4
816 0.4
975 0.4
885 0.38461538461538464
22 0.375
67 0.375
148 0.375
185 0.375
281 0.375
413 0.375
753 0.375
833 0.375
137 0.36363636363636365
517 0.36363636363636365
614 0.36363636363636365
658 0.36363636363636365
802 0.36363636363636365
7 0.3333333333333333
54 0.3333333333333333
61 0.3333333333333333
105 0.3333333333333333
132 0.3333333333333333
200 0.3333333333333333
314 0.3333333333333333
352 0.3333333333333333
403 0.3333333333333333
430 0.3333333333333333
473 0.3333333333333333
480 0.3333333333333333
657 0.3333333333333333
745 0.3333333333333333
781 0.3333333333333333
793 0.3333333333333333
807 0.3333333333333333
831 0.3333333333333333
836 0.3333333333333333
838 0.3333333333333333
944 0.3333333333333333
948 0.3333333333333333
974 0.3333333333333333
56 0.3076923076923077
350 0.3076923076923077
463 0.3076923076923077
489 0.3076923076923077
14 0.3
40 0.3
82 0.3
179 0.3
194 0.3
212 0.3
221 0.3
279 0.3
284 0.3
288 0.3
293 0.3
313 0.3
337 0.3
338 0.3
380 0.3
458 0.3
549 0.3
805 0.3
806 0.3
893 0.3
912 0.3
99 0.2857142857142857
182 0.2857142857142857
190 0.2857142857142857
237 0.2857142857142857
278 0.2857142857142857
280 0.2857142857142857
291 0.2857142857142857
299 0.2857142857142857
420 0.2857142857142857
469 0.2857142857142857
482 0.2857142857142857
487 0.2857142857142857
495 0.2857142857142857
501 0.2857142857142857
596 0.2857142857142857
600 0.2857142857142857
633 0.2857142857142857
698 0.2857142857142857
704 0.2857142857142857
712 0.2857142857142857
714 0.2857142857142857
726 0.2857142857142857
738 0.2857142857142857
761 0.2857142857142857
762 0.2857142857142857
765 0.2857142857142857
776 0.2857142857142857
798 0.2857142857142857
835 0.2857142857142857
894 0.2857142857142857
8 0.2727272727272727
15 0.2727272727272727
27 0.2727272727272727
42 0.2727272727272727
49 0.2727272727272727
106 0.2727272727272727
141 0.2727272727272727
232 0.2727272727272727
233 0.2727272727272727
266 0.2727272727272727
270 0.2727272727272727
275 0.2727272727272727
295 0.2727272727272727
357 0.2727272727272727
381 0.2727272727272727
447 0.2727272727272727
554 0.2727272727272727
574 0.2727272727272727
589 0.2727272727272727
617 0.2727272727272727
630 0.2727272727272727
636 0.2727272727272727
663 0.2727272727272727
719 0.2727272727272727
814 0.2727272727272727
845 0.2727272727272727
876 0.2727272727272727
964 0.2727272727272727
981 0.2727272727272727
987 0.2727272727272727
9 0.25
10 0.25
11 0.25
34 0.25
44 0.25
53 0.25
57 0.25
70 0.25
86 0.25
120 0.25
129 0.25
175 0.25
177 0.25
178 0.25
189 0.25
217 0.25
228 0.25
244 0.25
249 0.25
271 0.25
285 0.25
294 0.25
339 0.25
344 0.25
347 0.25
376 0.25
387 0.25
414 0.25
423 0.25
431 0.25
440 0.25
443 0.25
448 0.25
461 0.25
464 0.25
471 0.25
474 0.25
478 0.25
502 0.25
503 0.25
512 0.25
523 0.25
543 0.25
545 0.25
559 0.25
605 0.25
606 0.25
629 0.25
638 0.25
678 0.25
710 0.25
718 0.25
727 0.25
735 0.25
736 0.25
750 0.25
758 0.25
767 0.25
789 0.25
792 0.25
796 0.25
837 0.25
850 0.25
898 0.25
916 0.25
919 0.25
921 0.25
925 0.25
949 0.25
969 0.25
976 0.25
994 0.25
