801 1.0
322 0.9090909090909091
333 0.8333333333333334
901 0.75
46 0.7142857142857143
859 0.7142857142857143
9 0.6666666666666666
170 0.6666666666666666
174 0.6666666666666666
184 0.6666666666666666
300 0.6666666666666666
364 0.6666666666666666
404 0.6666666666666666
421 0.6666666666666666
486 0.6666666666666666
684 0.6666666666666666
849 0.6666666666666666
877 0.6666666666666666
918 0.6666666666666666
84 0.6
287 0.6
579 0.6
959 0.6
2 0.5714285714285714
130 0.5714285714285714
151 0.5714285714285714
190 0.5714285714285714
215 0.5714285714285714
216 0.5714285714285714
229 0.5714285714285714
275 0.5714285714285714
366 0.5714285714285714
642 0.5714285714285714
677 0.5714285714285714
817 0.5714285714285714
856 0.5714285714285714
952 0.5714285714285714
971 0.5714285714285714
165 0.5555555555555556
498 0.5454545454545454
5 0.5
103 0.5
186 0.5
269 0.5
332 0.5
354 0.5
355 0.5
375 0.5
397 0.5
474 0.5
552 0.5
650 0.5
696 0.5
727 0.5
755 0.5
820 0.5
847 0.5
864 0.5
919 0.5
927 0.5
961 0.5
273 0.45454545454545453
106 0.4444444444444444
125 0.4444444444444444
188 0.4444444444444444
224 0.4444444444444444
256 0.4444444444444444
320 0.4444444444444444
356 0.4444444444444444
412 0.4444444444444444
418 0.4444444444444444
429 0.4444444444444444
442 0.4444444444444444
503 0.4444444444444444
547 0.4444444444444444
585 0.4444444444444444
703 0.4444444444444444
832 0.4444444444444444
890 0.4444444444444444
896 0.4444444444444444
903 0.4444444444444444
23 0.42857142857142855
60 0.42857142857142855
158 0.42857142857142855
305 0.42857142857142855
410 0.42857142857142855
469 0.42857142857142855
554 0.42857142857142855
686 0.42857142857142855
688 0.42857142857142855
811 0.42857142857142855
327 0.4166666666666667
64 0.4
171 0.4
183 0.4
258 0.4
378 0.4
512 0.4
687 0.4
743 0.4
744 0.4
800 0.4
821 0.4
863 0.4
966 0.4
992 0.4
29 0.375
138 0.375
142 0.375
166 0.375
195 0.375
206 0.375
298 0.375
338 0.375
359 0.375
372 0.375
388 0.375
396 0.375
400 0.375
401 0.375
427 0.375
450 0.375
460 0.375
519 0.375
527 0.375
562 0.375
587 0.375
618 0.375
624 0.375
626 0.375
711 0.375
851 0.375
854 0.375
876 0.375
913 0.375
934 0.375
993 0.375
999 0.375
82 0.36363636363636365
119 0.36363636363636365
176 0.36363636363636365
403 0.36363636363636365
449 0.36363636363636365
611 0.36363636363636365
846 0.36363636363636365
888 0.36363636363636365
936 0.36363636363636365
3 0.3333333333333333
13 0.3333333333333333
16 0.3333333333333333
18 0.3333333333333333
27 0.3333333333333333
58 0.3333333333333333
94 0.3333333333333333
96 0.3333333333333333
107 0.3333333333333333
114 0.3333333333333333
207 0.3333333333333333
210 0.3333333333333333
227 0.3333333333333333
228 0.3333333333333333
249 0.3333333333333333
265 0.3333333333333333
270 0.3333333333333333
274 0.3333333333333333
279 0.3333333333333333
285 0.3333333333333333
310 0.3333333333333333
315 0.3333333333333333
339 0.3333333333333333
340 0.3333333333333333
342 0.3333333333333333
386 0.3333333333333333
416 0.3333333333333333
428 0.3333333333333333
455 0.3333333333333333
464 0.3333333333333333
467 0.3333333333333333
500 0.3333333333333333
505 0.3333333333333333
511 0.3333333333333333
513 0.3333333333333333
528 0.3333333333333333
542 0.3333333333333333
560 0.3333333333333333
567 0.3333333333333333
572 0.3333333333333333
578 0.3333333333333333
598 0.3333333333333333
622 0.3333333333333333
630 0.3333333333333333
657 0.3333333333333333
658 0.3333333333333333
660 0.3333333333333333
670 0.3333333333333333
692 0.3333333333333333
712 0.3333333333333333
718 0.3333333333333333
739 0.3333333333333333
741 0.3333333333333333
742 0.3333333333333333
746 0.3333333333333333
753 0.3333333333333333
759 0.3333333333333333
774 0.3333333333333333
776 0.3333333333333333
778 0.3333333333333333
793 0.3333333333333333
809 0.3333333333333333
812 0.3333333333333333
826 0.3333333333333333
839 0.3333333333333333
845 0.3333333333333333
861 0.3333333333333333
870 0.3333333333333333
874 0.3333333333333333
931 0.3333333333333333
946 0.3333333333333333
956 0.3333333333333333
958 0.3333333333333333
968 0.3333333333333333
969 0.3333333333333333
984 0.3333333333333333
985 0.3333333333333333
987 0.3333333333333333
994 0.3333333333333333
997 0.3333333333333333
507 0.3076923076923077
544 0.3076923076923077
699 0.3076923076923077
706 0.3076923076923077
0 0.3
24 0.3
28 0.3
51 0.3
56 0.3
65 0.3
129 0.3
134 0.3
150 0.3
161 0.3
169 0.3
205 0.3
248 0.3
297 0.3
311 0.3
321 0.3
341 0.3
357 0.3
361 0.3
