462 1.0
171 0.8333333333333334
461 0.8333333333333334
570 0.8333333333333334
124 0.8
481 0.8
504 0.8
698 0.8
820 0.8
380 0.7777777777777778
558 0.7777777777777778
683 0.7777777777777778
257 0.75
649 0.75
726 0.75
859 0.75
897 0.75
169 0.7142857142857143
264 0.7142857142857143
93 0.6666666666666666
152 0.6666666666666666
182 0.6666666666666666
228 0.6666666666666666
236 0.6666666666666666
247 0.6666666666666666
250 0.6666666666666666
262 0.6666666666666666
276 0.6666666666666666
412 0.6666666666666666
444 0.6666666666666666
456 0.6666666666666666
482 0.6666666666666666
490 0.6666666666666666
495 0.6666666666666666
531 0.6666666666666666
566 0.6666666666666666
597 0.6666666666666666
661 0.6666666666666666
686 0.6666666666666666
742 0.6666666666666666
794 0.6666666666666666
797 0.6666666666666666
80 0.625
196 0.625
815 0.625
77 0.6
187 0.6
284 0.6
383 0.6
591 0.6
3 0.5714285714285714
22 0.5714285714285714
29 0.5714285714285714
157 0.5714285714285714
190 0.5714285714285714
259 0.5714285714285714
465 0.5714285714285714
496 0.5714285714285714
503 0.5714285714285714
507 0.5714285714285714
631 0.5714285714285714
735 0.5714285714285714
777 0.5714285714285714
906 0.5714285714285714
931 0.5714285714285714
974 0.5714285714285714
560 0.5555555555555556
898 0.5555555555555556
11 0.5
23 0.5
54 0.5
57 0.5
69 0.5
104 0.5
120 0.5
147 0.5
162 0.5
256 0.5
258 0.5
290 0.5
306 0.5
330 0.5
404 0.5
457 0.5
484 0.5
512 0.5
522 0.5
551 0.5
575 0.5
576 0.5
608 0.5
616 0.5
681 0.5
714 0.5
766 0.5
779 0.5
782 0.5
849 0.5
925 0.5
936 0.5
942 0.5
956 0.5
959 0.5
997 0.5
45 0.45454545454545453
82 0.45454545454545453
89 0.45454545454545453
222 0.45454545454545453
301 0.45454545454545453
197 0.4444444444444444
232 0.4444444444444444
373 0.4444444444444444
439 0.4444444444444444
526 0.4444444444444444
578 0.4444444444444444
626 0.4444444444444444
690 0.4444444444444444
758 0.4444444444444444
817 0.4444444444444444
861 0.4444444444444444
892 0.4444444444444444
930 0.4444444444444444
970 0.4444444444444444
47 0.42857142857142855
58 0.42857142857142855
103 0.42857142857142855
106 0.42857142857142855
115 0.42857142857142855
275 0.42857142857142855
334 0.42857142857142855
375 0.42857142857142855
376 0.42857142857142855
407 0.42857142857142855
510 0.42857142857142855
527 0.42857142857142855
538 0.42857142857142855
617 0.42857142857142855
675 0.42857142857142855
695 0.42857142857142855
740 0.42857142857142855
773 0.42857142857142855
855 0.42857142857142855
862 0.42857142857142855
872 0.42857142857142855
877 0.42857142857142855
919 0.42857142857142855
927 0.42857142857142855
981 0.42857142857142855
1 0.4
74 0.4
129 0.4
219 0.4
242 0.4
254 0.4
299 0.4
353 0.4
401 0.4
423 0.4
458 0.4
493 0.4
509 0.4
577 0.4
588 0.4
639 0.4
691 0.4
725 0.4
745 0.4
768 0.4
844 0.4
887 0.4
907 0.4
911 0.4
977 0.4
12 0.38461538461538464
569 0.38461538461538464
732 0.38461538461538464
88 0.375
95 0.375
188 0.375
238 0.375
263 0.375
267 0.375
287 0.375
307 0.375
309 0.375
343 0.375
382 0.375
431 0.375
475 0.375
502 0.375
537 0.375
544 0.375
583 0.375
609 0.375
613 0.375
628 0.375
646 0.375
703 0.375
704 0.375
719 0.375
720 0.375
733 0.375
807 0.375
829 0.375
858 0.375
863 0.375
869 0.375
913 0.375
966 0.375
969 0.375
973 0.375
996 0.375
2 0.36363636363636365
10 0.36363636363636365
105 0.36363636363636365
131 0.36363636363636365
271 0.36363636363636365
279 0.36363636363636365
297 0.36363636363636365
371 0.36363636363636365
394 0.36363636363636365
420 0.36363636363636365
440 0.36363636363636365
500 0.36363636363636365
516 0.36363636363636365
641 0.36363636363636365
658 0.36363636363636365
705 0.36363636363636365
840 0.36363636363636365
902 0.36363636363636365
923 0.36363636363636365
6 0.3333333333333333
9 0.3333333333333333
13 0.3333333333333333
20 0.3333333333333333
34 0.3333333333333333
44 0.3333333333333333
48 0.3333333333333333
51 0.3333333333333333
59 0.3333333333333333
73 0.3333333333333333
78 0.3333333333333333
84 0.3333333333333333
86 0.3333333333333333
94 0.3333333333333333
113 0.3333333333333333
126 0.3333333333333333
130 0.3333333333333333
135 0.3333333333333333
143 0.3333333333333333
