202 1.0
88 0.8888888888888888
952 0.8888888888888888
106 0.875
977 0.875
19 0.8333333333333334
452 0.8181818181818182
259 0.8
508 0.8
973 0.8
467 0.7777777777777778
30 0.75
31 0.75
522 0.75
562 0.75
192 0.7272727272727273
868 0.7142857142857143
59 0.7
86 0.7
661 0.7
224 0.6666666666666666
351 0.6666666666666666
352 0.6666666666666666
390 0.6666666666666666
411 0.6666666666666666
415 0.6666666666666666
459 0.6666666666666666
511 0.6666666666666666
513 0.6666666666666666
741 0.6666666666666666
797 0.6666666666666666
841 0.6666666666666666
874 0.6666666666666666
541 0.625
749 0.625
38 0.6
107 0.6
658 0.6
856 0.6
102 0.5833333333333334
293 0.5833333333333334
3 0.5714285714285714
183 0.5714285714285714
329 0.5714285714285714
332 0.5714285714285714
333 0.5714285714285714
435 0.5714285714285714
898 0.5714285714285714
944 0.5714285714285714
991 0.5714285714285714
476 0.5555555555555556
495 0.5555555555555556
808 0.5555555555555556
837 0.5555555555555556
39 0.5
61 0.5
80 0.5
101 0.5
126 0.5
141 0.5
230 0.5
261 0.5
264 0.5
270 0.5
289 0.5
325 0.5
395 0.5
409 0.5
458 0.5
463 0.5
527 0.5
528 0.5
563 0.5
578 0.5
592 0.5
620 0.5
643 0.5
675 0.5
688 0.5
735 0.5
755 0.5
768 0.5
779 0.5
791 0.5
853 0.5
870 0.5
885 0.5
910 0.5
916 0.5
969 0.5
904 0.45454545454545453
56 0.4444444444444444
252 0.4444444444444444
402 0.4444444444444444
492 0.4444444444444444
601 0.4444444444444444
607 0.4444444444444444
634 0.4444444444444444
681 0.4444444444444444
750 0.4444444444444444
834 0.4444444444444444
840 0.4444444444444444
918 0.4444444444444444
935 0.4444444444444444
18 0.42857142857142855
36 0.42857142857142855
40 0.42857142857142855
68 0.42857142857142855
116 0.42857142857142855
137 0.42857142857142855
243 0.42857142857142855
296 0.42857142857142855
370 0.42857142857142855
510 0.42857142857142855
537 0.42857142857142855
597 0.42857142857142855
599 0.42857142857142855
600 0.42857142857142855
614 0.42857142857142855
626 0.42857142857142855
645 0.42857142857142855
650 0.42857142857142855
759 0.42857142857142855
767 0.42857142857142855
943 0.42857142857142855
979 0.42857142857142855
282 0.4166666666666667
373 0.4166666666666667
129 0.4
148 0.4
206 0.4
207 0.4
245 0.4
388 0.4
470 0.4
496 0.4
594 0.4
653 0.4
655 0.4
721 0.4
727 0.4
784 0.4
852 0.4
896 0.4
219 0.38461538461538464
260 0.38461538461538464
683 0.38461538461538464
27 0.375
79 0.375
105 0.375
146 0.375
188 0.375
263 0.375
287 0.375
391 0.375
462 0.375
540 0.375
575 0.375
576 0.375
694 0.375
706 0.375
728 0.375
748 0.375
771 0.375
792 0.375
858 0.375
168 0.36363636363636365
246 0.36363636363636365
290 0.36363636363636365
298 0.36363636363636365
304 0.36363636363636365
347 0.36363636363636365
367 0.36363636363636365
397 0.36363636363636365
455 0.36363636363636365
571 0.36363636363636365
619 0.36363636363636365
912 0.36363636363636365
945 0.35714285714285715
4 0.3333333333333333
16 0.3333333333333333
20 0.3333333333333333
25 0.3333333333333333
29 0.3333333333333333
37 0.3333333333333333
41 0.3333333333333333
64 0.3333333333333333
87 0.3333333333333333
110 0.3333333333333333
118 0.3333333333333333
125 0.3333333333333333
166 0.3333333333333333
179 0.3333333333333333
199 0.3333333333333333
200 0.3333333333333333
204 0.3333333333333333
210 0.3333333333333333
217 0.3333333333333333
319 0.3333333333333333
345 0.3333333333333333
363 0.3333333333333333
364 0.3333333333333333
377 0.3333333333333333
403 0.3333333333333333
410 0.3333333333333333
423 0.3333333333333333
432 0.3333333333333333
437 0.3333333333333333
440 0.3333333333333333
453 0.3333333333333333
468 0.3333333333333333
472 0.3333333333333333
474 0.3333333333333333
477 0.3333333333333333
493 0.3333333333333333
512 0.3333333333333333
517 0.3333333333333333
535 0.3333333333333333
536 0.3333333333333333
543 0.3333333333333333
544 0.3333333333333333
565 0.3333333333333333
566 0.3333333333333333
567 0.3333333333333333
583 0.3333333333333333
598 0.3333333333333333
616 0.3333333333333333
630 0.3333333333333333
647 0.3333333333333333
659 0.3333333333333333
674 0.3333333333333333
685 0.3333333333333333
686 0.3333333333333333
690 0.3333333333333333
697 0.3333333333333333
703 0.3333333333333333
711 0.3333333333333333
732 0.3333333333333333
747 0.3333333333333333
752 0.3333333333333333
756 0.3333333333333333
770 0.3333333333333333
782 0.3333333333333333
798 0.3333333333333333
807 0.3333333333333333
820 0.3333333333333333
830 0.3333333333333333
835 0.3333333333333333
839 0.3333333333333333
844 0.3333333333333333
