210 1.0
804 1.0
998 0.875
857 0.8
36 0.7777777777777778
230 0.7777777777777778
368 0.7777777777777778
561 0.7777777777777778
819 0.7777777777777778
933 0.7777777777777778
323 0.75
339 0.75
524 0.75
717 0.75
926 0.75
502 0.7142857142857143
575 0.7142857142857143
46 0.6666666666666666
77 0.6666666666666666
89 0.6666666666666666
112 0.6666666666666666
232 0.6666666666666666
382 0.6666666666666666
407 0.6666666666666666
452 0.6666666666666666
504 0.6666666666666666
697 0.6666666666666666
995 0.6666666666666666
947 0.6363636363636364
361 0.625
160 0.6
677 0.6
685 0.6
777 0.6
45 0.5714285714285714
90 0.5714285714285714
97 0.5714285714285714
136 0.5714285714285714
166 0.5714285714285714
169 0.5714285714285714
198 0.5714285714285714
314 0.5714285714285714
457 0.5714285714285714
466 0.5714285714285714
625 0.5714285714285714
635 0.5714285714285714
670 0.5714285714285714
688 0.5714285714285714
779 0.5714285714285714
791 0.5714285714285714
808 0.5714285714285714
831 0.5714285714285714
852 0.5714285714285714
117 0.5555555555555556
426 0.5555555555555556
507 0.5555555555555556
768 0.5555555555555556
1 0.5
40 0.5
56 0.5
109 0.5
110 0.5
284 0.5
289 0.5
294 0.5
305 0.5
394 0.5
445 0.5
486 0.5
501 0.5
542 0.5
558 0.5
599 0.5
621 0.5
683 0.5
718 0.5
728 0.5
776 0.5
806 0.5
835 0.5
898 0.5
959 0.5
967 0.5
970 0.5
373 0.45454545454545453
569 0.45454545454545453
62 0.4444444444444444
80 0.4444444444444444
123 0.4444444444444444
165 0.4444444444444444
272 0.4444444444444444
292 0.4444444444444444
319 0.4444444444444444
405 0.4444444444444444
488 0.4444444444444444
520 0.4444444444444444
582 0.4444444444444444
602 0.4444444444444444
668 0.4444444444444444
719 0.4444444444444444
742 0.4444444444444444
767 0.4444444444444444
936 0.4444444444444444
987 0.4444444444444444
132 0.42857142857142855
183 0.42857142857142855
185 0.42857142857142855
267 0.42857142857142855
419 0.42857142857142855
515 0.42857142857142855
608 0.42857142857142855
616 0.42857142857142855
853 0.42857142857142855
884 0.42857142857142855
917 0.42857142857142855
930 0.42857142857142855
50 0.4166666666666667
378 0.4166666666666667
59 0.4
99 0.4
119 0.4
151 0.4
253 0.4
320 0.4
337 0.4
346 0.4
377 0.4
389 0.4
432 0.4
462 0.4
480 0.4
527 0.4
529 0.4
578 0.4
593 0.4
604 0.4
624 0.4
630 0.4
699 0.4
700 0.4
789 0.4
812 0.4
824 0.4
825 0.4
834 0.4
856 0.4
941 0.4
828 0.38461538461538464
10 0.375
54 0.375
87 0.375
105 0.375
124 0.375
159 0.375
163 0.375
178 0.375
181 0.375
195 0.375
203 0.375
205 0.375
212 0.375
214 0.375
256 0.375
260 0.375
273 0.375
286 0.375
307 0.375
355 0.375
362 0.375
367 0.375
388 0.375
401 0.375
443 0.375
458 0.375
493 0.375
499 0.375
570 0.375
619 0.375
648 0.375
649 0.375
684 0.375
702 0.375
709 0.375
722 0.375
781 0.375
796 0.375
807 0.375
816 0.375
868 0.375
869 0.375
896 0.375
66 0.36363636363636365
137 0.36363636363636365
193 0.36363636363636365
199 0.36363636363636365
234 0.36363636363636365
283 0.36363636363636365
347 0.36363636363636365
384 0.36363636363636365
411 0.36363636363636365
433 0.36363636363636365
472 0.36363636363636365
544 0.36363636363636365
545 0.36363636363636365
573 0.36363636363636365
617 0.36363636363636365
846 0.36363636363636365
889 0.36363636363636365
921 0.36363636363636365
548 0.35714285714285715
555 0.35714285714285715
17 0.3333333333333333
19 0.3333333333333333
55 0.3333333333333333
60 0.3333333333333333
74 0.3333333333333333
78 0.3333333333333333
82 0.3333333333333333
98 0.3333333333333333
108 0.3333333333333333
128 0.3333333333333333
130 0.3333333333333333
140 0.3333333333333333
141 0.3333333333333333
155 0.3333333333333333
157 0.3333333333333333
167 0.3333333333333333
173 0.3333333333333333
174 0.3333333333333333
190 0.3333333333333333
213 0.3333333333333333
217 0.3333333333333333
219 0.3333333333333333
238 0.3333333333333333
255 0.3333333333333333
258 0.3333333333333333
261 0.3333333333333333
275 0.3333333333333333
278 0.3333333333333333
280 0.3333333333333333
282 0.3333333333333333
312 0.3333333333333333
313 0.3333333333333333
315 0.3333333333333333
316 0.3333333333333333
351 0.3333333333333333
352 0.3333333333333333
359 0.3333333333333333
364 0.3333333333333333
371 0.3333333333333333
