380 1.0
765 1.0
994 1.0
897 0.8571428571428571
282 0.8333333333333334
558 0.8333333333333334
847 0.8
641 0.7777777777777778
113 0.75
604 0.75
677 0.75
714 0.7272727272727273
977 0.7272727272727273
284 0.7142857142857143
654 0.7142857142857143
62 0.6666666666666666
236 0.6666666666666666
301 0.6666666666666666
419 0.6666666666666666
422 0.6666666666666666
561 0.6666666666666666
586 0.6666666666666666
610 0.6666666666666666
652 0.6666666666666666
692 0.6666666666666666
736 0.6666666666666666
744 0.6666666666666666
752 0.6666666666666666
799 0.6666666666666666
950 0.6363636363636364
757 0.625
432 0.5714285714285714
458 0.5714285714285714
461 0.5714285714285714
560 0.5714285714285714
584 0.5714285714285714
603 0.5714285714285714
701 0.5714285714285714
740 0.5714285714285714
756 0.5714285714285714
761 0.5714285714285714
813 0.5714285714285714
234 0.5555555555555556
428 0.5555555555555556
484 0.5454545454545454
36 0.5
75 0.5
98 0.5
104 0.5
135 0.5
155 0.5
248 0.5
251 0.5
271 0.5
315 0.5
321 0.5
351 0.5
365 0.5
395 0.5
414 0.5
423 0.5
450 0.5
473 0.5
478 0.5
499 0.5
531 0.5
536 0.5
554 0.5
655 0.5
672 0.5
758 0.5
766 0.5
782 0.5
797 0.5
830 0.5
833 0.5
913 0.5
963 0.5
13 0.4444444444444444
56 0.4444444444444444
58 0.4444444444444444
71 0.4444444444444444
76 0.4444444444444444
82 0.4444444444444444
105 0.4444444444444444
106 0.4444444444444444
117 0.4444444444444444
150 0.4444444444444444
154 0.4444444444444444
215 0.4444444444444444
262 0.4444444444444444
435 0.4444444444444444
466 0.4444444444444444
642 0.4444444444444444
645 0.4444444444444444
708 0.4444444444444444
732 0.4444444444444444
745 0.4444444444444444
777 0.4444444444444444
783 0.4444444444444444
973 0.4444444444444444
161 0.42857142857142855
231 0.42857142857142855
286 0.42857142857142855
324 0.42857142857142855
325 0.42857142857142855
430 0.42857142857142855
485 0.42857142857142855
630 0.42857142857142855
698 0.42857142857142855
724 0.42857142857142855
754 0.42857142857142855
853 0.42857142857142855
917 0.42857142857142855
951 0.42857142857142855
388 0.4166666666666667
648 0.4166666666666667
53 0.4
143 0.4
186 0.4
254 0.4
335 0.4
407 0.4
429 0.4
543 0.4
611 0.4
728 0.4
825 0.4
984 0.4
985 0.4
126 0.38461538461538464
6 0.375
52 0.375
107 0.375
171 0.375
183 0.375
205 0.375
265 0.375
329 0.375
347 0.375
350 0.375
358 0.375
404 0.375
418 0.375
491 0.375
524 0.375
529 0.375
542 0.375
576 0.375
657 0.375
662 0.375
727 0.375
790 0.375
841 0.375
979 0.375
168 0.36363636363636365
289 0.36363636363636365
318 0.36363636363636365
406 0.36363636363636365
426 0.36363636363636365
481 0.36363636363636365
486 0.36363636363636365
563 0.36363636363636365
625 0.36363636363636365
644 0.36363636363636365
859 0.36363636363636365
899 0.36363636363636365
747 0.35714285714285715
16 0.3333333333333333
19 0.3333333333333333
21 0.3333333333333333
30 0.3333333333333333
59 0.3333333333333333
63 0.3333333333333333
64 0.3333333333333333
96 0.3333333333333333
109 0.3333333333333333
125 0.3333333333333333
139 0.3333333333333333
141 0.3333333333333333
149 0.3333333333333333
160 0.3333333333333333
178 0.3333333333333333
197 0.3333333333333333
200 0.3333333333333333
209 0.3333333333333333
217 0.3333333333333333
225 0.3333333333333333
263 0.3333333333333333
267 0.3333333333333333
304 0.3333333333333333
305 0.3333333333333333
352 0.3333333333333333
361 0.3333333333333333
389 0.3333333333333333
402 0.3333333333333333
420 0.3333333333333333
425 0.3333333333333333
436 0.3333333333333333
439 0.3333333333333333
440 0.3333333333333333
447 0.3333333333333333
467 0.3333333333333333
490 0.3333333333333333
506 0.3333333333333333
508 0.3333333333333333
511 0.3333333333333333
517 0.3333333333333333
527 0.3333333333333333
532 0.3333333333333333
535 0.3333333333333333
545 0.3333333333333333
546 0.3333333333333333
557 0.3333333333333333
564 0.3333333333333333
592 0.3333333333333333
593 0.3333333333333333
623 0.3333333333333333
626 0.3333333333333333
639 0.3333333333333333
669 0.3333333333333333
670 0.3333333333333333
684 0.3333333333333333
685 0.3333333333333333
705 0.3333333333333333
764 0.3333333333333333
768 0.3333333333333333
775 0.3333333333333333
776 0.3333333333333333
788 0.3333333333333333
792 0.3333333333333333
794 0.3333333333333333
796 0.3333333333333333
806 0.3333333333333333
814 0.3333333333333333
835 0.3333333333333333
839 0.3333333333333333
849 0.3333333333333333
868 0.3333333333333333
883 0.3333333333333333
885 0.3333333333333333
895 0.3333333333333333
903 0.3333333333333333
914 0.3333333333333333
915 0.3333333333333333
925 0.3333333333333333
932 0.3333333333333333
948 0.3333333333333333
955 0.3333333333333333
983 0.3333333333333333
