775 1.0
900 0.8333333333333334
120 0.8
663 0.8
773 0.8
714 0.75
930 0.75
870 0.7272727272727273
645 0.7142857142857143
37 0.6666666666666666
277 0.6666666666666666
440 0.6666666666666666
579 0.6666666666666666
780 0.6666666666666666
789 0.6666666666666666
819 0.6666666666666666
884 0.6666666666666666
455 0.625
185 0.6
632 0.6
838 0.6
42 0.5714285714285714
80 0.5714285714285714
97 0.5714285714285714
255 0.5714285714285714
279 0.5714285714285714
449 0.5714285714285714
712 0.5714285714285714
938 0.5714285714285714
998 0.5714285714285714
118 0.5555555555555556
21 0.5
24 0.5
25 0.5
252 0.5
345 0.5
351 0.5
370 0.5
435 0.5
447 0.5
453 0.5
468 0.5
485 0.5
529 0.5
577 0.5
769 0.5
792 0.5
818 0.5
919 0.5
928 0.5
933 0.5
711 0.46153846153846156
109 0.4444444444444444
186 0.4444444444444444
265 0.4444444444444444
325 0.4444444444444444
338 0.4444444444444444
371 0.4444444444444444
387 0.4444444444444444
462 0.4444444444444444
469 0.4444444444444444
584 0.4444444444444444
621 0.4444444444444444
820 0.4444444444444444
903 0.4444444444444444
57 0.42857142857142855
89 0.42857142857142855
174 0.42857142857142855
326 0.42857142857142855
554 0.42857142857142855
631 0.42857142857142855
709 0.42857142857142855
805 0.42857142857142855
852 0.42857142857142855
964 0.42857142857142855
983 0.42857142857142855
116 0.4
257 0.4
301 0.4
339 0.4
614 0.4
675 0.4
740 0.4
869 0.4
4 0.375
32 0.375
167 0.375
272 0.375
358 0.375
413 0.375
658 0.375
774 0.375
791 0.375
906 0.375
923 0.375
961 0.375
991 0.375
211 0.36363636363636365
246 0.36363636363636365
250 0.36363636363636365
253 0.36363636363636365
282 0.36363636363636365
314 0.36363636363636365
514 0.36363636363636365
566 0.36363636363636365
596 0.36363636363636365
657 0.36363636363636365
895 0.36363636363636365
26 0.3333333333333333
35 0.3333333333333333
49 0.3333333333333333
94 0.3333333333333333
113 0.3333333333333333
123 0.3333333333333333
124 0.3333333333333333
128 0.3333333333333333
149 0.3333333333333333
199 0.3333333333333333
263 0.3333333333333333
273 0.3333333333333333
275 0.3333333333333333
297 0.3333333333333333
320 0.3333333333333333
332 0.3333333333333333
372 0.3333333333333333
380 0.3333333333333333
389 0.3333333333333333
396 0.3333333333333333
401 0.3333333333333333
421 0.3333333333333333
436 0.3333333333333333
443 0.3333333333333333
450 0.3333333333333333
475 0.3333333333333333
480 0.3333333333333333
481 0.3333333333333333
483 0.3333333333333333
486 0.3333333333333333
503 0.3333333333333333
507 0.3333333333333333
517 0.3333333333333333
526 0.3333333333333333
534 0.3333333333333333
544 0.3333333333333333
560 0.3333333333333333
563 0.3333333333333333
570 0.3333333333333333
578 0.3333333333333333
610 0.3333333333333333
627 0.3333333333333333
655 0.3333333333333333
669 0.3333333333333333
682 0.3333333333333333
686 0.3333333333333333
692 0.3333333333333333
693 0.3333333333333333
704 0.3333333333333333
725 0.3333333333333333
736 0.3333333333333333
755 0.3333333333333333
765 0.3333333333333333
767 0.3333333333333333
810 0.3333333333333333
851 0.3333333333333333
859 0.3333333333333333
863 0.3333333333333333
872 0.3333333333333333
879 0.3333333333333333
904 0.3333333333333333
913 0.3333333333333333
962 0.3333333333333333
987 0.3333333333333333
95 0.3076923076923077
311 0.3076923076923077
365 0.3076923076923077
706 0.3076923076923077
30 0.3
48 0.3
90 0.3
122 0.3
137 0.3
151 0.3
171 0.3
187 0.3
198 0.3
227 0.3
258 0.3
286 0.3
291 0.3
300 0.3
337 0.3
347 0.3
408 0.3
430 0.3
444 0.3
478 0.3
492 0.3
502 0.3
504 0.3
513 0.3
530 0.3
537 0.3
574 0.3
606 0.3
622 0.3
623 0.3
628 0.3
643 0.3
678 0.3
715 0.3
727 0.3
735 0.3
752 0.3
760 0.3
766 0.3
776 0.3
785 0.3
797 0.3
801 0.3
835 0.3
843 0.3
844 0.3
891 0.3
894 0.3
918 0.3
932 0.3
936 0.3
951 0.3
957 0.3
969 0.3
997 0.3
70 0.2857142857142857
81 0.2857142857142857
87 0.2857142857142857
93 0.2857142857142857
106 0.2857142857142857
108 0.2857142857142857
135 0.2857142857142857
140 0.2857142857142857
163 0.2857142857142857
212 0.2857142857142857
222 0.2857142857142857
223 0.2857142857142857
245 0.2857142857142857
260 0.2857142857142857
267 0.2857142857142857
280 0.2857142857142857
298 0.2857142857142857
299 0.2857142857142857
323 0.2857142857142857
