920 1.0
508 0.875
939 0.8571428571428571
579 0.8333333333333334
14 0.8
164 0.8
322 0.8
283 0.75
293 0.75
607 0.75
844 0.75
486 0.6923076923076923
17 0.6666666666666666
195 0.6666666666666666
258 0.6666666666666666
305 0.6666666666666666
333 0.6666666666666666
392 0.6666666666666666
476 0.6666666666666666
614 0.6666666666666666
826 0.6666666666666666
869 0.6666666666666666
962 0.6666666666666666
85 0.6363636363636364
655 0.6363636363636364
951 0.6363636363636364
126 0.6
186 0.6
537 0.6
649 0.6
155 0.5714285714285714
177 0.5714285714285714
276 0.5714285714285714
413 0.5714285714285714
450 0.5714285714285714
660 0.5714285714285714
752 0.5714285714285714
985 0.5714285714285714
108 0.5555555555555556
174 0.5555555555555556
666 0.5555555555555556
118 0.5454545454545454
55 0.5
81 0.5
88 0.5
101 0.5
168 0.5
239 0.5
261 0.5
287 0.5
298 0.5
522 0.5
529 0.5
539 0.5
551 0.5
562 0.5
633 0.5
653 0.5
675 0.5
682 0.5
751 0.5
783 0.5
792 0.5
816 0.5
886 0.5
895 0.5
122 0.45454545454545453
379 0.45454545454545453
659 0.45454545454545453
76 0.4444444444444444
91 0.4444444444444444
245 0.4444444444444444
368 0.4444444444444444
469 0.4444444444444444
488 0.4444444444444444
503 0.4444444444444444
550 0.4444444444444444
605 0.4444444444444444
723 0.4444444444444444
760 0.4444444444444444
766 0.4444444444444444
786 0.4444444444444444
839 0.4444444444444444
877 0.4444444444444444
883 0.4444444444444444
981 0.4444444444444444
123 0.42857142857142855
133 0.42857142857142855
165 0.42857142857142855
209 0.42857142857142855
233 0.42857142857142855
237 0.42857142857142855
314 0.42857142857142855
331 0.42857142857142855
505 0.42857142857142855
510 0.42857142857142855
512 0.42857142857142855
546 0.42857142857142855
559 0.42857142857142855
608 0.42857142857142855
850 0.42857142857142855
890 0.42857142857142855
553 0.4166666666666667
560 0.4166666666666667
878 0.4166666666666667
41 0.4
50 0.4
117 0.4
183 0.4
291 0.4
402 0.4
437 0.4
528 0.4
647 0.4
658 0.4
779 0.4
881 0.4
926 0.4
959 0.4
0 0.375
59 0.375
113 0.375
115 0.375
236 0.375
344 0.375
375 0.375
377 0.375
388 0.375
389 0.375
404 0.375
426 0.375
427 0.375
449 0.375
498 0.375
517 0.375
523 0.375
531 0.375
575 0.375
587 0.375
593 0.375
616 0.375
621 0.375
690 0.375
725 0.375
726 0.375
778 0.375
889 0.375
910 0.375
912 0.375
950 0.375
954 0.375
93 0.36363636363636365
134 0.36363636363636365
169 0.36363636363636365
171 0.36363636363636365
196 0.36363636363636365
212 0.36363636363636365
217 0.36363636363636365
351 0.36363636363636365
457 0.36363636363636365
499 0.36363636363636365
724 0.36363636363636365
817 0.36363636363636365
838 0.36363636363636365
975 0.36363636363636365
269 0.35714285714285715
557 0.35714285714285715
2 0.3333333333333333
7 0.3333333333333333
19 0.3333333333333333
29 0.3333333333333333
54 0.3333333333333333
61 0.3333333333333333
62 0.3333333333333333
73 0.3333333333333333
79 0.3333333333333333
98 0.3333333333333333
131 0.3333333333333333
140 0.3333333333333333
151 0.3333333333333333
184 0.3333333333333333
201 0.3333333333333333
222 0.3333333333333333
231 0.3333333333333333
250 0.3333333333333333
255 0.3333333333333333
256 0.3333333333333333
267 0.3333333333333333
270 0.3333333333333333
290 0.3333333333333333
300 0.3333333333333333
325 0.3333333333333333
339 0.3333333333333333
355 0.3333333333333333
357 0.3333333333333333
360 0.3333333333333333
367 0.3333333333333333
378 0.3333333333333333
384 0.3333333333333333
387 0.3333333333333333
405 0.3333333333333333
414 0.3333333333333333
428 0.3333333333333333
439 0.3333333333333333
496 0.3333333333333333
520 0.3333333333333333
527 0.3333333333333333
552 0.3333333333333333
566 0.3333333333333333
584 0.3333333333333333
592 0.3333333333333333
609 0.3333333333333333
611 0.3333333333333333
623 0.3333333333333333
628 0.3333333333333333
632 0.3333333333333333
634 0.3333333333333333
637 0.3333333333333333
651 0.3333333333333333
671 0.3333333333333333
677 0.3333333333333333
680 0.3333333333333333
706 0.3333333333333333
714 0.3333333333333333
715 0.3333333333333333
718 0.3333333333333333
728 0.3333333333333333
734 0.3333333333333333
740 0.3333333333333333
743 0.3333333333333333
745 0.3333333333333333
764 0.3333333333333333
770 0.3333333333333333
771 0.3333333333333333
772 0.3333333333333333
780 0.3333333333333333
788 0.3333333333333333
797 0.3333333333333333
800 0.3333333333333333
803 0.3333333333333333
808 0.3333333333333333
830 0.3333333333333333
842 0.3333333333333333
843 0.3333333333333333
846 0.3333333333333333
852 0.3333333333333333
854 0.3333333333333333
856 0.3333333333333333
866 0.3333333333333333
870 0.3333333333333333
