137 1.0
855 0.8888888888888888
641 0.875
416 0.8333333333333334
310 0.8181818181818182
598 0.8
651 0.8
715 0.8
856 0.8
944 0.7272727272727273
818 0.7142857142857143
865 0.7
9 0.6666666666666666
13 0.6666666666666666
258 0.6666666666666666
337 0.6666666666666666
373 0.6666666666666666
377 0.6666666666666666
406 0.6666666666666666
410 0.6666666666666666
450 0.6666666666666666
504 0.6666666666666666
593 0.6666666666666666
628 0.6666666666666666
752 0.6666666666666666
776 0.6666666666666666
829 0.6666666666666666
839 0.6666666666666666
847 0.6666666666666666
894 0.6666666666666666
700 0.625
975 0.625
3 0.6
666 0.6
821 0.6
130 0.5714285714285714
203 0.5714285714285714
281 0.5714285714285714
325 0.5714285714285714
341 0.5714285714285714
347 0.5714285714285714
424 0.5714285714285714
612 0.5714285714285714
683 0.5714285714285714
694 0.5714285714285714
832 0.5714285714285714
834 0.5714285714285714
846 0.5714285714285714
853 0.5714285714285714
916 0.5714285714285714
950 0.5714285714285714
40 0.5555555555555556
342 0.5555555555555556
551 0.5555555555555556
919 0.5555555555555556
791 0.5454545454545454
21 0.5
39 0.5
77 0.5
123 0.5
132 0.5
158 0.5
184 0.5
214 0.5
215 0.5
276 0.5
305 0.5
307 0.5
340 0.5
374 0.5
461 0.5
464 0.5
469 0.5
497 0.5
523 0.5
549 0.5
569 0.5
579 0.5
581 0.5
583 0.5
590 0.5
703 0.5
712 0.5
716 0.5
731 0.5
788 0.5
793 0.5
825 0.5
830 0.5
836 0.5
843 0.5
926 0.5
956 0.5
985 0.5
987 0.5
990 0.5
679 0.4666666666666667
546 0.46153846153846156
525 0.45454545454545453
48 0.4444444444444444
144 0.4444444444444444
250 0.4444444444444444
292 0.4444444444444444
314 0.4444444444444444
317 0.4444444444444444
355 0.4444444444444444
438 0.4444444444444444
468 0.4444444444444444
484 0.4444444444444444
545 0.4444444444444444
624 0.4444444444444444
652 0.4444444444444444
702 0.4444444444444444
768 0.4444444444444444
784 0.4444444444444444
801 0.4444444444444444
873 0.4444444444444444
924 0.4444444444444444
986 0.4444444444444444
7 0.42857142857142855
135 0.42857142857142855
269 0.42857142857142855
306 0.42857142857142855
316 0.42857142857142855
356 0.42857142857142855
367 0.42857142857142855
379 0.42857142857142855
434 0.42857142857142855
441 0.42857142857142855
452 0.42857142857142855
518 0.42857142857142855
560 0.42857142857142855
606 0.42857142857142855
665 0.42857142857142855
864 0.42857142857142855
889 0.42857142857142855
925 0.42857142857142855
938 0.42857142857142855
949 0.42857142857142855
965 0.42857142857142855
23 0.4
55 0.4
99 0.4
105 0.4
116 0.4
204 0.4
260 0.4
262 0.4
298 0.4
446 0.4
459 0.4
557 0.4
561 0.4
568 0.4
578 0.4
627 0.4
656 0.4
737 0.4
770 0.4
841 0.4
854 0.4
899 0.4
907 0.4
2 0.375
11 0.375
22 0.375
61 0.375
103 0.375
106 0.375
131 0.375
149 0.375
176 0.375
186 0.375
222 0.375
224 0.375
229 0.375
237 0.375
239 0.375
245 0.375
252 0.375
256 0.375
287 0.375
311 0.375
354 0.375
399 0.375
402 0.375
405 0.375
413 0.375
420 0.375
433 0.375
439 0.375
444 0.375
465 0.375
478 0.375
488 0.375
536 0.375
556 0.375
559 0.375
564 0.375
587 0.375
594 0.375
609 0.375
614 0.375
646 0.375
698 0.375
736 0.375
754 0.375
757 0.375
785 0.375
849 0.375
878 0.375
885 0.375
959 0.375
54 0.36363636363636365
75 0.36363636363636365
100 0.36363636363636365
240 0.36363636363636365
308 0.36363636363636365
357 0.36363636363636365
408 0.36363636363636365
431 0.36363636363636365
483 0.36363636363636365
520 0.36363636363636365
591 0.36363636363636365
615 0.36363636363636365
648 0.36363636363636365
918 0.36363636363636365
102 0.35714285714285715
1 0.3333333333333333
12 0.3333333333333333
28 0.3333333333333333
33 0.3333333333333333
58 0.3333333333333333
67 0.3333333333333333
76 0.3333333333333333
78 0.3333333333333333
81 0.3333333333333333
110 0.3333333333333333
113 0.3333333333333333
115 0.3333333333333333
122 0.3333333333333333
136 0.3333333333333333
155 0.3333333333333333
160 0.3333333333333333
163 0.3333333333333333
165 0.3333333333333333
172 0.3333333333333333
179 0.3333333333333333
185 0.3333333333333333
197 0.3333333333333333
