640 0.75
127 0.6666666666666666
376 0.6666666666666666
465 0.6666666666666666
513 0.6666666666666666
547 0.6666666666666666
700 0.6666666666666666
741 0.6666666666666666
916 0.6666666666666666
343 0.625
157 0.6
799 0.6
434 0.5714285714285714
631 0.5714285714285714
662 0.5714285714285714
949 0.5714285714285714
997 0.5714285714285714
35 0.5
57 0.5
200 0.5
216 0.5
371 0.5
491 0.5
337 0.46153846153846156
290 0.45454545454545453
209 0.4444444444444444
293 0.4444444444444444
333 0.4444444444444444
473 0.4444444444444444
609 0.4444444444444444
66 0.42857142857142855
119 0.42857142857142855
169 0.42857142857142855
348 0.42857142857142855
599 0.42857142857142855
824 0.42857142857142855
884 0.42857142857142855
919 0.42857142857142855
987 0.42857142857142855
56 0.4
83 0.4
121 0.4
450 0.4
466 0.4
707 0.4
797 0.4
960 0.4
23 0.375
191 0.375
269 0.375
355 0.375
398 0.375
553 0.375
576 0.375
628 0.375
729 0.375
751 0.375
839 0.375
850 0.375
885 0.375
972 0.375
151 0.36363636363636365
846 0.36363636363636365
24 0.3333333333333333
85 0.3333333333333333
101 0.3333333333333333
125 0.3333333333333333
164 0.3333333333333333
174 0.3333333333333333
179 0.3333333333333333
230 0.3333333333333333
248 0.3333333333333333
281 0.3333333333333333
285 0.3333333333333333
294 0.3333333333333333
304 0.3333333333333333
341 0.3333333333333333
362 0.3333333333333333
401 0.3333333333333333
471 0.3333333333333333
500 0.3333333333333333
501 0.3333333333333333
548 0.3333333333333333
560 0.3333333333333333
565 0.3333333333333333
596 0.3333333333333333
622 0.3333333333333333
650 0.3333333333333333
651 0.3333333333333333
676 0.3333333333333333
723 0.3333333333333333
786 0.3333333333333333
827 0.3333333333333333
840 0.3333333333333333
876 0.3333333333333333
897 0.3333333333333333
920 0.3333333333333333
938 0.3333333333333333
992 0.3333333333333333
236 0.3076923076923077
493 0.3076923076923077
970 0.3076923076923077
26 0.3
50 0.3
68 0.3
90 0.3
99 0.3
104 0.3
114 0.3
131 0.3
137 0.3
150 0.3
154 0.3
334 0.3
340 0.3
383 0.3
413 0.3
502 0.3
514 0.3
584 0.3
590 0.3
591 0.3
603 0.3
617 0.3
733 0.3
744 0.3
780 0.3
789 0.3
816 0.3
821 0.3
892 0.3
902 0.3
943 0.3
957 0.3
989 0.3
22 0.2857142857142857
33 0.2857142857142857
34 0.2857142857142857
38 0.2857142857142857
73 0.2857142857142857
88 0.2857142857142857
89 0.2857142857142857
135 0.2857142857142857
181 0.2857142857142857
189 0.2857142857142857
221 0.2857142857142857
251 0.2857142857142857
358 0.2857142857142857
361 0.2857142857142857
558 0.2857142857142857
613 0.2857142857142857
637 0.2857142857142857
691 0.2857142857142857
724 0.2857142857142857
728 0.2857142857142857
742 0.2857142857142857
784 0.2857142857142857
814 0.2857142857142857
837 0.2857142857142857
874 0.2857142857142857
6 0.2727272727272727
37 0.2727272727272727
48 0.2727272727272727
74 0.2727272727272727
107 0.2727272727272727
143 0.2727272727272727
198 0.2727272727272727
205 0.2727272727272727
210 0.2727272727272727
223 0.2727272727272727
225 0.2727272727272727
231 0.2727272727272727
254 0.2727272727272727
261 0.2727272727272727
310 0.2727272727272727
381 0.2727272727272727
415 0.2727272727272727
422 0.2727272727272727
438 0.2727272727272727
579 0.2727272727272727
587 0.2727272727272727
643 0.2727272727272727
645 0.2727272727272727
669 0.2727272727272727
704 0.2727272727272727
722 0.2727272727272727
726 0.2727272727272727
845 0.2727272727272727
855 0.2727272727272727
862 0.2727272727272727
865 0.2727272727272727
868 0.2727272727272727
887 0.2727272727272727
922 0.2727272727272727
945 0.2727272727272727
623 0.26666666666666666
21 0.25
28 0.25
30 0.25
45 0.25
65 0.25
105 0.25
113 0.25
132 0.25
138 0.25
144 0.25
162 0.25
172 0.25
183 0.25
184 0.25
229 0.25
235 0.25
240 0.25
245 0.25
246 0.25
253 0.25
264 0.25
274 0.25
286 0.25
289 0.25
297 0.25
313 0.25
316 0.25
327 0.25
335 0.25
336 0.25
349 0.25
353 0.25
382 0.25
387 0.25
400 0.25
408 0.25
412 0.25
416 0.25
418 0.25
419 0.25
426 0.25
448 0.25
453 0.25
463 0.25
464 0.25
484 0.25
490 0.25
499 0.25
503 0.25
504 0.25
510 0.25
532 0.25
570 0.25
607 0.25
