28 1.0
608 1.0
997 1.0
400 0.9
668 0.8888888888888888
723 0.8888888888888888
354 0.8333333333333334
511 0.8333333333333334
796 0.8333333333333334
300 0.8181818181818182
22 0.8
166 0.8
379 0.8
976 0.8
639 0.7777777777777778
931 0.7777777777777778
136 0.75
359 0.75
851 0.75
995 0.75
116 0.7272727272727273
39 0.6666666666666666
126 0.6666666666666666
295 0.6666666666666666
360 0.6666666666666666
391 0.6666666666666666
593 0.6666666666666666
637 0.6666666666666666
654 0.6666666666666666
672 0.6666666666666666
737 0.6666666666666666
799 0.6666666666666666
852 0.6666666666666666
857 0.6666666666666666
872 0.6666666666666666
947 0.6666666666666666
946 0.6363636363636364
60 0.625
674 0.625
146 0.6
436 0.6
827 0.6
19 0.5714285714285714
70 0.5714285714285714
94 0.5714285714285714
131 0.5714285714285714
135 0.5714285714285714
210 0.5714285714285714
220 0.5714285714285714
492 0.5714285714285714
629 0.5714285714285714
710 0.5714285714285714
775 0.5714285714285714
807 0.5714285714285714
819 0.5714285714285714
840 0.5714285714285714
928 0.5714285714285714
933 0.5714285714285714
934 0.5714285714285714
935 0.5714285714285714
940 0.5714285714285714
949 0.5714285714285714
968 0.5714285714285714
996 0.5714285714285714
234 0.5555555555555556
239 0.5555555555555556
497 0.5555555555555556
5 0.5
10 0.5
72 0.5
118 0.5
232 0.5
243 0.5
283 0.5
285 0.5
327 0.5
393 0.5
396 0.5
397 0.5
434 0.5
448 0.5
455 0.5
461 0.5
505 0.5
522 0.5
525 0.5
532 0.5
547 0.5
551 0.5
585 0.5
591 0.5
631 0.5
677 0.5
693 0.5
731 0.5
755 0.5
772 0.5
784 0.5
789 0.5
793 0.5
797 0.5
878 0.5
883 0.5
901 0.5
907 0.5
941 0.5
951 0.5
962 0.5
977 0.5
998 0.5
85 0.45454545454545453
173 0.45454545454545453
241 0.45454545454545453
2 0.4444444444444444
8 0.4444444444444444
24 0.4444444444444444
29 0.4444444444444444
35 0.4444444444444444
86 0.4444444444444444
143 0.4444444444444444
151 0.4444444444444444
233 0.4444444444444444
244 0.4444444444444444
251 0.4444444444444444
281 0.4444444444444444
284 0.4444444444444444
312 0.4444444444444444
319 0.4444444444444444
331 0.4444444444444444
338 0.4444444444444444
382 0.4444444444444444
385 0.4444444444444444
498 0.4444444444444444
526 0.4444444444444444
534 0.4444444444444444
651 0.4444444444444444
661 0.4444444444444444
681 0.4444444444444444
743 0.4444444444444444
747 0.4444444444444444
778 0.4444444444444444
810 0.4444444444444444
824 0.4444444444444444
858 0.4444444444444444
895 0.4444444444444444
948 0.4444444444444444
985 0.4444444444444444
14 0.42857142857142855
25 0.42857142857142855
36 0.42857142857142855
44 0.42857142857142855
83 0.42857142857142855
122 0.42857142857142855
154 0.42857142857142855
190 0.42857142857142855
437 0.42857142857142855
445 0.42857142857142855
458 0.42857142857142855
476 0.42857142857142855
535 0.42857142857142855
546 0.42857142857142855
562 0.42857142857142855
740 0.42857142857142855
831 0.42857142857142855
839 0.42857142857142855
856 0.42857142857142855
960 0.42857142857142855
808 0.4166666666666667
40 0.4
121 0.4
249 0.4
293 0.4
333 0.4
365 0.4
421 0.4
432 0.4
528 0.4
548 0.4
558 0.4
594 0.4
615 0.4
624 0.4
643 0.4
646 0.4
673 0.4
763 0.4
774 0.4
910 0.4
983 0.4
989 0.4
874 0.38461538461538464
17 0.375
68 0.375
81 0.375
88 0.375
112 0.375
149 0.375
168 0.375
174 0.375
199 0.375
201 0.375
207 0.375
230 0.375
307 0.375
419 0.375
441 0.375
456 0.375
459 0.375
463 0.375
474 0.375
478 0.375
487 0.375
494 0.375
506 0.375
549 0.375
576 0.375
595 0.375
597 0.375
600 0.375
630 0.375
647 0.375
648 0.375
741 0.375
777 0.375
826 0.375
846 0.375
859 0.375
986 0.375
31 0.36363636363636365
34 0.36363636363636365
41 0.36363636363636365
77 0.36363636363636365
219 0.36363636363636365
242 0.36363636363636365
642 0.36363636363636365
715 0.36363636363636365
717 0.36363636363636365
751 0.36363636363636365
813 0.36363636363636365
867 0.36363636363636365
909 0.36363636363636365
913 0.36363636363636365
925 0.36363636363636365
938 0.36363636363636365
956 0.36363636363636365
991 0.36363636363636365
7 0.3333333333333333
9 0.3333333333333333
13 0.3333333333333333
23 0.3333333333333333
