795 1.0
210 0.8888888888888888
984 0.8888888888888888
173 0.8333333333333334
735 0.8333333333333334
923 0.8181818181818182
27 0.8
456 0.8
537 0.8
29 0.7777777777777778
489 0.7777777777777778
579 0.7777777777777778
915 0.7777777777777778
278 0.75
432 0.75
614 0.7142857142857143
48 0.6666666666666666
110 0.6666666666666666
130 0.6666666666666666
261 0.6666666666666666
471 0.6666666666666666
569 0.6666666666666666
680 0.6666666666666666
687 0.6666666666666666
691 0.6666666666666666
695 0.6666666666666666
745 0.6666666666666666
834 0.6666666666666666
854 0.6666666666666666
905 0.6666666666666666
47 0.6
490 0.6
658 0.6
26 0.5714285714285714
46 0.5714285714285714
75 0.5714285714285714
87 0.5714285714285714
109 0.5714285714285714
285 0.5714285714285714
385 0.5714285714285714
427 0.5714285714285714
445 0.5714285714285714
609 0.5714285714285714
615 0.5714285714285714
656 0.5714285714285714
766 0.5714285714285714
803 0.5714285714285714
836 0.5714285714285714
913 0.5714285714285714
941 0.5714285714285714
951 0.5714285714285714
962 0.5714285714285714
995 0.5714285714285714
180 0.5555555555555556
281 0.5555555555555556
627 0.5555555555555556
809 0.5454545454545454
62 0.5
120 0.5
208 0.5
217 0.5
223 0.5
254 0.5
301 0.5
378 0.5
387 0.5
421 0.5
618 0.5
648 0.5
676 0.5
701 0.5
727 0.5
752 0.5
765 0.5
794 0.5
851 0.5
864 0.5
875 0.5
920 0.5
935 0.5
959 0.5
999 0.5
853 0.45454545454545453
83 0.4444444444444444
98 0.4444444444444444
124 0.4444444444444444
324 0.4444444444444444
601 0.4444444444444444
644 0.4444444444444444
677 0.4444444444444444
689 0.4444444444444444
797 0.4444444444444444
881 0.4444444444444444
937 0.4444444444444444
943 0.4444444444444444
954 0.4444444444444444
987 0.4444444444444444
36 0.42857142857142855
61 0.42857142857142855
90 0.42857142857142855
149 0.42857142857142855
222 0.42857142857142855
225 0.42857142857142855
240 0.42857142857142855
277 0.42857142857142855
402 0.42857142857142855
446 0.42857142857142855
455 0.42857142857142855
495 0.42857142857142855
557 0.42857142857142855
652 0.42857142857142855
857 0.42857142857142855
882 0.42857142857142855
922 0.42857142857142855
968 0.42857142857142855
499 0.4166666666666667
546 0.4166666666666667
25 0.4
38 0.4
42 0.4
43 0.4
74 0.4
78 0.4
143 0.4
202 0.4
298 0.4
325 0.4
328 0.4
575 0.4
603 0.4
672 0.4
692 0.4
742 0.4
757 0.4
796 0.4
811 0.4
822 0.4
849 0.4
902 0.4
979 0.4
468 0.38461538461538464
541 0.38461538461538464
21 0.375
30 0.375
31 0.375
39 0.375
86 0.375
116 0.375
131 0.375
191 0.375
219 0.375
294 0.375
297 0.375
303 0.375
305 0.375
338 0.375
346 0.375
351 0.375
371 0.375
450 0.375
493 0.375
500 0.375
507 0.375
509 0.375
526 0.375
562 0.375
645 0.375
688 0.375
730 0.375
807 0.375
835 0.375
886 0.375
986 0.375
989 0.375
4 0.36363636363636365
18 0.36363636363636365
52 0.36363636363636365
105 0.36363636363636365
172 0.36363636363636365
273 0.36363636363636365
407 0.36363636363636365
447 0.36363636363636365
574 0.36363636363636365
631 0.36363636363636365
646 0.36363636363636365
747 0.36363636363636365
841 0.36363636363636365
892 0.36363636363636365
914 0.36363636363636365
9 0.3333333333333333
24 0.3333333333333333
68 0.3333333333333333
82 0.3333333333333333
104 0.3333333333333333
108 0.3333333333333333
121 0.3333333333333333
140 0.3333333333333333
146 0.3333333333333333
150 0.3333333333333333
156 0.3333333333333333
166 0.3333333333333333
170 0.3333333333333333
174 0.3333333333333333
188 0.3333333333333333
199 0.3333333333333333
213 0.3333333333333333
224 0.3333333333333333
227 0.3333333333333333
237 0.3333333333333333
238 0.3333333333333333
239 0.3333333333333333
250 0.3333333333333333
260 0.3333333333333333
263 0.3333333333333333
264 0.3333333333333333
292 0.3333333333333333
311 0.3333333333333333
334 0.3333333333333333
343 0.3333333333333333
357 0.3333333333333333
360 0.3333333333333333
365 0.3333333333333333
373 0.3333333333333333
380 0.3333333333333333
381 0.3333333333333333
391 0.3333333333333333
392 0.3333333333333333
395 0.3333333333333333
401 0.3333333333333333
412 0.3333333333333333
430 0.3333333333333333
438 0.3333333333333333
479 0.3333333333333333
481 0.3333333333333333
525 0.3333333333333333
535 0.3333333333333333
549 0.3333333333333333
550 0.3333333333333333
552 0.3333333333333333
554 0.3333333333333333
563 0.3333333333333333
567 0.3333333333333333
568 0.3333333333333333
584 0.3333333333333333
587 0.3333333333333333
588 0.3333333333333333
593 0.3333333333333333
596 0.3333333333333333
598 0.3333333333333333
611 0.3333333333333333
