828 0.9
379 0.8
493 0.8
541 0.8
614 0.8
631 0.7777777777777778
98 0.75
178 0.75
956 0.75
68 0.7272727272727273
406 0.7142857142857143
47 0.6666666666666666
67 0.6666666666666666
113 0.6666666666666666
273 0.6666666666666666
303 0.6666666666666666
445 0.6666666666666666
455 0.6666666666666666
643 0.6666666666666666
760 0.6666666666666666
804 0.6666666666666666
869 0.6666666666666666
874 0.6666666666666666
883 0.6666666666666666
907 0.6666666666666666
945 0.6666666666666666
156 0.6
980 0.6
125 0.5714285714285714
216 0.5714285714285714
221 0.5714285714285714
239 0.5714285714285714
296 0.5714285714285714
322 0.5714285714285714
409 0.5714285714285714
491 0.5714285714285714
663 0.5714285714285714
757 0.5714285714285714
797 0.5714285714285714
168 0.5555555555555556
693 0.5555555555555556
974 0.5555555555555556
24 0.5454545454545454
315 0.5454545454545454
140 0.5
182 0.5
190 0.5
276 0.5
299 0.5
358 0.5
449 0.5
636 0.5
637 0.5
672 0.5
802 0.5
819 0.5
823 0.5
846 0.5
884 0.5
920 0.5
989 0.5
517 0.46153846153846156
252 0.45454545454545453
329 0.45454545454545453
424 0.45454545454545453
139 0.4444444444444444
177 0.4444444444444444
229 0.4444444444444444
272 0.4444444444444444
347 0.4444444444444444
365 0.4444444444444444
662 0.4444444444444444
675 0.4444444444444444
770 0.4444444444444444
774 0.4444444444444444
801 0.4444444444444444
811 0.4444444444444444
815 0.4444444444444444
816 0.4444444444444444
843 0.4444444444444444
855 0.4444444444444444
897 0.4444444444444444
64 0.42857142857142855
442 0.42857142857142855
488 0.42857142857142855
513 0.42857142857142855
532 0.42857142857142855
560 0.42857142857142855
588 0.42857142857142855
671 0.42857142857142855
810 0.42857142857142855
879 0.42857142857142855
998 0.42857142857142855
342 0.4166666666666667
378 0.4166666666666667
926 0.4166666666666667
7 0.4
78 0.4
233 0.4
302 0.4
313 0.4
596 0.4
599 0.4
609 0.4
646 0.4
676 0.4
748 0.4
781 0.4
905 0.4
977 0.4
84 0.38461538461538464
291 0.38461538461538464
629 0.38461538461538464
679 0.38461538461538464
10 0.375
26 0.375
45 0.375
112 0.375
138 0.375
220 0.375
247 0.375
255 0.375
256 0.375
265 0.375
277 0.375
321 0.375
421 0.375
543 0.375
567 0.375
584 0.375
602 0.375
683 0.375
697 0.375
714 0.375
739 0.375
773 0.375
813 0.375
818 0.375
928 0.375
135 0.36363636363636365
245 0.36363636363636365
284 0.36363636363636365
309 0.36363636363636365
367 0.36363636363636365
392 0.36363636363636365
454 0.36363636363636365
619 0.36363636363636365
667 0.36363636363636365
730 0.36363636363636365
753 0.36363636363636365
800 0.36363636363636365
832 0.36363636363636365
849 0.36363636363636365
880 0.36363636363636365
931 0.36363636363636365
954 0.36363636363636365
973 0.36363636363636365
982 0.36363636363636365
984 0.36363636363636365
2 0.3333333333333333
23 0.3333333333333333
53 0.3333333333333333
54 0.3333333333333333
56 0.3333333333333333
60 0.3333333333333333
69 0.3333333333333333
75 0.3333333333333333
76 0.3333333333333333
80 0.3333333333333333
83 0.3333333333333333
121 0.3333333333333333
130 0.3333333333333333
148 0.3333333333333333
175 0.3333333333333333
181 0.3333333333333333
194 0.3333333333333333
222 0.3333333333333333
258 0.3333333333333333
280 0.3333333333333333
282 0.3333333333333333
336 0.3333333333333333
384 0.3333333333333333
393 0.3333333333333333
404 0.3333333333333333
405 0.3333333333333333
416 0.3333333333333333
426 0.3333333333333333
438 0.3333333333333333
492 0.3333333333333333
494 0.3333333333333333
502 0.3333333333333333
515 0.3333333333333333
523 0.3333333333333333
528 0.3333333333333333
542 0.3333333333333333
544 0.3333333333333333
562 0.3333333333333333
572 0.3333333333333333
601 0.3333333333333333
611 0.3333333333333333
620 0.3333333333333333
638 0.3333333333333333
639 0.3333333333333333
647 0.3333333333333333
652 0.3333333333333333
658 0.3333333333333333
669 0.3333333333333333
700 0.3333333333333333
716 0.3333333333333333
717 0.3333333333333333
718 0.3333333333333333
729 0.3333333333333333
731 0.3333333333333333
734 0.3333333333333333
749 0.3333333333333333
785 0.3333333333333333
839 0.3333333333333333
841 0.3333333333333333
852 0.3333333333333333
862 0.3333333333333333
863 0.3333333333333333
871 0.3333333333333333
910 0.3333333333333333
924 0.3333333333333333
933 0.3333333333333333
939 0.3333333333333333
948 0.3333333333333333
958 0.3333333333333333
975 0.3333333333333333
995 0.3333333333333333
143 0.3076923076923077
176 0.3076923076923077
226 0.3076923076923077
266 0.3076923076923077
385 0.3076923076923077
516 0.3076923076923077
518 0.3076923076923077
603 0.3076923076923077
706 0.3076923076923077
707 0.3076923076923077
927 0.3076923076923077
8 0.3
9 0.3
91 0.3
110 0.3
118 0.3
120 0.3
158 0.3
173 0.3
179 0.3
