239 1.0
468 1.0
530 1.0
627 1.0
985 0.9090909090909091
122 0.875
320 0.875
651 0.8571428571428571
696 0.8571428571428571
919 0.8571428571428571
115 0.8333333333333334
265 0.8333333333333334
202 0.8181818181818182
54 0.8
151 0.8
346 0.8
782 0.8
79 0.7777777777777778
147 0.75
171 0.75
778 0.75
744 0.7142857142857143
20 0.6666666666666666
97 0.6666666666666666
120 0.6666666666666666
178 0.6666666666666666
327 0.6666666666666666
369 0.6666666666666666
436 0.6666666666666666
440 0.6666666666666666
522 0.6666666666666666
668 0.6666666666666666
713 0.6666666666666666
891 0.6666666666666666
935 0.6666666666666666
957 0.6666666666666666
105 0.625
732 0.625
750 0.625
976 0.625
29 0.6
546 0.6
612 0.6
10 0.5714285714285714
52 0.5714285714285714
77 0.5714285714285714
195 0.5714285714285714
333 0.5714285714285714
365 0.5714285714285714
512 0.5714285714285714
601 0.5714285714285714
630 0.5714285714285714
637 0.5714285714285714
648 0.5714285714285714
655 0.5714285714285714
711 0.5714285714285714
809 0.5714285714285714
847 0.5714285714285714
868 0.5714285714285714
982 0.5714285714285714
362 0.5555555555555556
463 0.5454545454545454
38 0.5
42 0.5
141 0.5
161 0.5
175 0.5
192 0.5
230 0.5
281 0.5
304 0.5
323 0.5
347 0.5
348 0.5
353 0.5
385 0.5
397 0.5
439 0.5
442 0.5
444 0.5
480 0.5
521 0.5
523 0.5
533 0.5
560 0.5
565 0.5
629 0.5
659 0.5
680 0.5
697 0.5
725 0.5
755 0.5
759 0.5
775 0.5
781 0.5
845 0.5
860 0.5
865 0.5
869 0.5
881 0.5
956 0.5
993 0.5
997 0.5
210 0.45454545454545453
336 0.45454545454545453
715 0.45454545454545453
745 0.45454545454545453
4 0.4444444444444444
35 0.4444444444444444
88 0.4444444444444444
93 0.4444444444444444
150 0.4444444444444444
155 0.4444444444444444
237 0.4444444444444444
261 0.4444444444444444
356 0.4444444444444444
370 0.4444444444444444
449 0.4444444444444444
669 0.4444444444444444
717 0.4444444444444444
741 0.4444444444444444
815 0.4444444444444444
842 0.4444444444444444
886 0.4444444444444444
902 0.4444444444444444
950 0.4444444444444444
966 0.4444444444444444
989 0.4444444444444444
43 0.42857142857142855
83 0.42857142857142855
99 0.42857142857142855
127 0.42857142857142855
207 0.42857142857142855
296 0.42857142857142855
300 0.42857142857142855
399 0.42857142857142855
448 0.42857142857142855
464 0.42857142857142855
489 0.42857142857142855
515 0.42857142857142855
541 0.42857142857142855
588 0.42857142857142855
638 0.42857142857142855
664 0.42857142857142855
723 0.42857142857142855
727 0.42857142857142855
733 0.42857142857142855
746 0.42857142857142855
761 0.42857142857142855
825 0.42857142857142855
832 0.42857142857142855
975 0.42857142857142855
981 0.42857142857142855
984 0.42857142857142855
12 0.4
57 0.4
78 0.4
92 0.4
132 0.4
154 0.4
201 0.4
212 0.4
277 0.4
298 0.4
329 0.4
332 0.4
390 0.4
393 0.4
421 0.4
511 0.4
519 0.4
555 0.4
581 0.4
603 0.4
618 0.4
639 0.4
693 0.4
762 0.4
766 0.4
791 0.4
792 0.4
828 0.4
836 0.4
924 0.4
973 0.4
999 0.4
0 0.375
8 0.375
25 0.375
44 0.375
47 0.375
103 0.375
114 0.375
126 0.375
148 0.375
163 0.375
166 0.375
198 0.375
199 0.375
213 0.375
235 0.375
253 0.375
294 0.375
311 0.375
341 0.375
359 0.375
361 0.375
380 0.375
433 0.375
438 0.375
462 0.375
471 0.375
495 0.375
501 0.375
505 0.375
514 0.375
558 0.375
607 0.375
614 0.375
633 0.375
665 0.375
667 0.375
692 0.375
714 0.375
779 0.375
784 0.375
826 0.375
854 0.375
889 0.375
897 0.375
901 0.375
914 0.375
971 0.375
22 0.36363636363636365
70 0.36363636363636365
112 0.36363636363636365
238 0.36363636363636365
272 0.36363636363636365
307 0.36363636363636365
309 0.36363636363636365
321 0.36363636363636365
376 0.36363636363636365
504 0.36363636363636365
548 0.36363636363636365
673 0.36363636363636365
677 0.36363636363636365
683 0.36363636363636365
805 0.36363636363636365
857 0.36363636363636365
882 0.36363636363636365
