467 0.9
366 0.875
382 0.875
190 0.7777777777777778
194 0.7777777777777778
2 0.75
22 0.75
131 0.75
738 0.75
460 0.7272727272727273
528 0.7272727272727273
163 0.7
257 0.7
54 0.6666666666666666
125 0.6666666666666666
421 0.6666666666666666
590 0.6666666666666666
649 0.6666666666666666
836 0.6666666666666666
393 0.6363636363636364
763 0.625
777 0.625
453 0.6
511 0.6
638 0.6
780 0.6
44 0.5714285714285714
179 0.5714285714285714
220 0.5714285714285714
290 0.5714285714285714
304 0.5714285714285714
521 0.5714285714285714
635 0.5714285714285714
699 0.5714285714285714
760 0.5714285714285714
773 0.5714285714285714
847 0.5714285714285714
948 0.5714285714285714
951 0.5714285714285714
958 0.5714285714285714
109 0.5555555555555556
783 0.5555555555555556
898 0.5555555555555556
365 0.5454545454545454
104 0.5
137 0.5
138 0.5
152 0.5
186 0.5
197 0.5
287 0.5
342 0.5
419 0.5
481 0.5
486 0.5
527 0.5
632 0.5
651 0.5
654 0.5
664 0.5
696 0.5
759 0.5
778 0.5
804 0.5
870 0.5
878 0.5
923 0.5
942 0.5
943 0.5
981 0.5
52 0.45454545454545453
314 0.45454545454545453
509 0.45454545454545453
561 0.45454545454545453
159 0.4444444444444444
248 0.4444444444444444
255 0.4444444444444444
266 0.4444444444444444
271 0.4444444444444444
322 0.4444444444444444
369 0.4444444444444444
446 0.4444444444444444
585 0.4444444444444444
704 0.4444444444444444
734 0.4444444444444444
744 0.4444444444444444
757 0.4444444444444444
762 0.4444444444444444
820 0.4444444444444444
6 0.42857142857142855
16 0.42857142857142855
151 0.42857142857142855
181 0.42857142857142855
236 0.42857142857142855
307 0.42857142857142855
418 0.42857142857142855
643 0.42857142857142855
774 0.42857142857142855
940 0.42857142857142855
941 0.42857142857142855
945 0.42857142857142855
983 0.42857142857142855
529 0.4166666666666667
938 0.4166666666666667
119 0.4
136 0.4
171 0.4
346 0.4
443 0.4
449 0.4
500 0.4
598 0.4
712 0.4
768 0.4
782 0.4
794 0.4
797 0.4
961 0.4
425 0.38461538461538464
10 0.375
11 0.375
21 0.375
24 0.375
77 0.375
102 0.375
108 0.375
176 0.375
192 0.375
215 0.375
272 0.375
297 0.375
362 0.375
389 0.375
396 0.375
439 0.375
466 0.375
519 0.375
520 0.375
546 0.375
566 0.375
583 0.375
601 0.375
648 0.375
662 0.375
719 0.375
788 0.375
811 0.375
818 0.375
850 0.375
860 0.375
950 0.375
957 0.375
978 0.375
987 0.375
9 0.36363636363636365
299 0.36363636363636365
326 0.36363636363636365
338 0.36363636363636365
415 0.36363636363636365
550 0.36363636363636365
685 0.36363636363636365
795 0.36363636363636365
3 0.3333333333333333
18 0.3333333333333333
20 0.3333333333333333
25 0.3333333333333333
26 0.3333333333333333
30 0.3333333333333333
63 0.3333333333333333
65 0.3333333333333333
70 0.3333333333333333
71 0.3333333333333333
85 0.3333333333333333
103 0.3333333333333333
128 0.3333333333333333
134 0.3333333333333333
184 0.3333333333333333
212 0.3333333333333333
227 0.3333333333333333
249 0.3333333333333333
254 0.3333333333333333
263 0.3333333333333333
265 0.3333333333333333
269 0.3333333333333333
319 0.3333333333333333
324 0.3333333333333333
334 0.3333333333333333
357 0.3333333333333333
358 0.3333333333333333
360 0.3333333333333333
361 0.3333333333333333
364 0.3333333333333333
378 0.3333333333333333
381 0.3333333333333333
386 0.3333333333333333
391 0.3333333333333333
398 0.3333333333333333
399 0.3333333333333333
426 0.3333333333333333
436 0.3333333333333333
438 0.3333333333333333
444 0.3333333333333333
456 0.3333333333333333
461 0.3333333333333333
471 0.3333333333333333
493 0.3333333333333333
494 0.3333333333333333
516 0.3333333333333333
545 0.3333333333333333
553 0.3333333333333333
555 0.3333333333333333
563 0.3333333333333333
565 0.3333333333333333
571 0.3333333333333333
579 0.3333333333333333
588 0.3333333333333333
595 0.3333333333333333
600 0.3333333333333333
602 0.3333333333333333
608 0.3333333333333333
642 0.3333333333333333
676 0.3333333333333333
687 0.3333333333333333
689 0.3333333333333333
698 0.3333333333333333
700 0.3333333333333333
703 0.3333333333333333
716 0.3333333333333333
764 0.3333333333333333
787 0.3333333333333333
796 0.3333333333333333
806 0.3333333333333333
809 0.3333333333333333
824 0.3333333333333333
826 0.3333333333333333
830 0.3333333333333333
834 0.3333333333333333
842 0.3333333333333333
882 0.3333333333333333
932 0.3333333333333333
946 0.3333333333333333
947 0.3333333333333333
960 0.3333333333333333
972 0.3333333333333333
995 0.3333333333333333
998 0.3333333333333333
60 0.3076923076923077
78 0.3076923076923077
140 0.3076923076923077
166 0.3076923076923077
