332 0.8888888888888888
844 0.8888888888888888
73 0.875
627 0.8333333333333334
266 0.8
15 0.75
393 0.75
500 0.75
55 0.7272727272727273
132 0.7272727272727273
361 0.7272727272727273
385 0.7272727272727273
26 0.6666666666666666
40 0.6666666666666666
79 0.6666666666666666
327 0.6666666666666666
338 0.6666666666666666
404 0.6666666666666666
661 0.6666666666666666
715 0.6666666666666666
846 0.6666666666666666
51 0.625
312 0.625
466 0.625
608 0.6
34 0.5714285714285714
168 0.5714285714285714
184 0.5714285714285714
188 0.5714285714285714
211 0.5714285714285714
224 0.5714285714285714
264 0.5714285714285714
414 0.5714285714285714
469 0.5714285714285714
566 0.5714285714285714
639 0.5714285714285714
887 0.5714285714285714
920 0.5714285714285714
960 0.5714285714285714
716 0.5555555555555556
944 0.5555555555555556
993 0.5454545454545454
72 0.5
75 0.5
81 0.5
104 0.5
171 0.5
185 0.5
271 0.5
346 0.5
365 0.5
380 0.5
386 0.5
412 0.5
434 0.5
441 0.5
476 0.5
524 0.5
541 0.5
594 0.5
596 0.5
613 0.5
650 0.5
685 0.5
699 0.5
724 0.5
741 0.5
749 0.5
750 0.5
804 0.5
810 0.5
812 0.5
822 0.5
836 0.5
872 0.5
893 0.5
934 0.5
939 0.5
946 0.5
989 0.5
733 0.46153846153846156
818 0.46153846153846156
82 0.4444444444444444
94 0.4444444444444444
127 0.4444444444444444
234 0.4444444444444444
364 0.4444444444444444
366 0.4444444444444444
383 0.4444444444444444
419 0.4444444444444444
422 0.4444444444444444
448 0.4444444444444444
513 0.4444444444444444
527 0.4444444444444444
550 0.4444444444444444
570 0.4444444444444444
625 0.4444444444444444
915 0.4444444444444444
930 0.4444444444444444
953 0.4444444444444444
955 0.4444444444444444
998 0.4444444444444444
11 0.42857142857142855
47 0.42857142857142855
158 0.42857142857142855
203 0.42857142857142855
219 0.42857142857142855
229 0.42857142857142855
257 0.42857142857142855
287 0.42857142857142855
350 0.42857142857142855
360 0.42857142857142855
439 0.42857142857142855
465 0.42857142857142855
478 0.42857142857142855
543 0.42857142857142855
556 0.42857142857142855
590 0.42857142857142855
648 0.42857142857142855
660 0.42857142857142855
678 0.42857142857142855
796 0.42857142857142855
834 0.42857142857142855
862 0.42857142857142855
928 0.42857142857142855
936 0.42857142857142855
966 0.42857142857142855
874 0.4166666666666667
52 0.4
65 0.4
351 0.4
535 0.4
649 0.4
720 0.4
737 0.4
890 0.4
898 0.4
912 0.4
957 0.4
994 0.4
452 0.38461538461538464
592 0.38461538461538464
2 0.375
105 0.375
149 0.375
150 0.375
156 0.375
199 0.375
260 0.375
310 0.375
341 0.375
554 0.375
557 0.375
632 0.375
687 0.375
721 0.375
725 0.375
726 0.375
782 0.375
816 0.375
881 0.375
900 0.375
921 0.375
926 0.375
9 0.36363636363636365
212 0.36363636363636365
381 0.36363636363636365
488 0.36363636363636365
536 0.36363636363636365
871 0.36363636363636365
963 0.36363636363636365
979 0.36363636363636365
306 0.35714285714285715
394 0.35714285714285715
16 0.3333333333333333
24 0.3333333333333333
30 0.3333333333333333
31 0.3333333333333333
43 0.3333333333333333
60 0.3333333333333333
63 0.3333333333333333
67 0.3333333333333333
85 0.3333333333333333
92 0.3333333333333333
98 0.3333333333333333
125 0.3333333333333333
142 0.3333333333333333
144 0.3333333333333333
160 0.3333333333333333
165 0.3333333333333333
180 0.3333333333333333
183 0.3333333333333333
202 0.3333333333333333
208 0.3333333333333333
228 0.3333333333333333
242 0.3333333333333333
261 0.3333333333333333
262 0.3333333333333333
263 0.3333333333333333
275 0.3333333333333333
286 0.3333333333333333
291 0.3333333333333333
302 0.3333333333333333
325 0.3333333333333333
333 0.3333333333333333
343 0.3333333333333333
348 0.3333333333333333
352 0.3333333333333333
379 0.3333333333333333
387 0.3333333333333333
397 0.3333333333333333
398 0.3333333333333333
400 0.3333333333333333
402 0.3333333333333333
416 0.3333333333333333
418 0.3333333333333333
442 0.3333333333333333
451 0.3333333333333333
480 0.3333333333333333
491 0.3333333333333333
497 0.3333333333333333
499 0.3333333333333333
518 0.3333333333333333
520 0.3333333333333333
522 0.3333333333333333
533 0.3333333333333333
564 0.3333333333333333
620 0.3333333333333333
644 0.3333333333333333
645 0.3333333333333333
669 0.3333333333333333
670 0.3333333333333333
675 0.3333333333333333
683 0.3333333333333333
684 0.3333333333333333
692 0.3333333333333333
743 0.3333333333333333
753 0.3333333333333333
766 0.3333333333333333
802 0.3333333333333333
852 0.3333333333333333
853 0.3333333333333333
858 0.3333333333333333
886 0.3333333333333333
896 0.3333333333333333
916 0.3333333333333333
941 0.3333333333333333
956 0.3333333333333333
962 0.3333333333333333
971 0.3333333333333333
