568 1.0
808 1.0
614 0.8888888888888888
823 0.875
378 0.8333333333333334
301 0.8
420 0.8
674 0.8
226 0.75
411 0.75
975 0.75
57 0.7272727272727273
409 0.7272727272727273
772 0.7272727272727273
738 0.7142857142857143
13 0.6666666666666666
25 0.6666666666666666
96 0.6666666666666666
188 0.6666666666666666
197 0.6666666666666666
233 0.6666666666666666
240 0.6666666666666666
303 0.6666666666666666
354 0.6666666666666666
367 0.6666666666666666
503 0.6666666666666666
557 0.6666666666666666
572 0.6666666666666666
577 0.6666666666666666
593 0.6666666666666666
700 0.6666666666666666
720 0.6666666666666666
727 0.6666666666666666
761 0.6666666666666666
895 0.6666666666666666
653 0.6363636363636364
17 0.625
875 0.625
212 0.6
621 0.6
39 0.5714285714285714
127 0.5714285714285714
181 0.5714285714285714
251 0.5714285714285714
351 0.5714285714285714
385 0.5714285714285714
416 0.5714285714285714
418 0.5714285714285714
431 0.5714285714285714
444 0.5714285714285714
463 0.5714285714285714
493 0.5714285714285714
506 0.5714285714285714
527 0.5714285714285714
564 0.5714285714285714
623 0.5714285714285714
631 0.5714285714285714
639 0.5714285714285714
654 0.5714285714285714
672 0.5714285714285714
694 0.5714285714285714
721 0.5714285714285714
809 0.5714285714285714
836 0.5714285714285714
843 0.5714285714285714
129 0.5555555555555556
394 0.5555555555555556
68 0.5454545454545454
176 0.5454545454545454
293 0.5454545454545454
474 0.5454545454545454
28 0.5
41 0.5
47 0.5
81 0.5
153 0.5
159 0.5
178 0.5
231 0.5
248 0.5
331 0.5
346 0.5
355 0.5
373 0.5
426 0.5
437 0.5
449 0.5
453 0.5
489 0.5
513 0.5
515 0.5
526 0.5
544 0.5
569 0.5
588 0.5
624 0.5
730 0.5
743 0.5
744 0.5
760 0.5
794 0.5
831 0.5
846 0.5
847 0.5
854 0.5
879 0.5
919 0.5
931 0.5
952 0.5
976 0.5
985 0.5
989 0.5
128 0.45454545454545453
560 0.45454545454545453
22 0.4444444444444444
44 0.4444444444444444
255 0.4444444444444444
279 0.4444444444444444
285 0.4444444444444444
410 0.4444444444444444
451 0.4444444444444444
456 0.4444444444444444
496 0.4444444444444444
520 0.4444444444444444
534 0.4444444444444444
647 0.4444444444444444
704 0.4444444444444444
711 0.4444444444444444
751 0.4444444444444444
921 0.4444444444444444
941 0.4444444444444444
965 0.4444444444444444
980 0.4444444444444444
27 0.42857142857142855
55 0.42857142857142855
120 0.42857142857142855
126 0.42857142857142855
169 0.42857142857142855
204 0.42857142857142855
292 0.42857142857142855
325 0.42857142857142855
326 0.42857142857142855
372 0.42857142857142855
403 0.42857142857142855
440 0.42857142857142855
455 0.42857142857142855
504 0.42857142857142855
567 0.42857142857142855
578 0.42857142857142855
596 0.42857142857142855
620 0.42857142857142855
677 0.42857142857142855
696 0.42857142857142855
745 0.42857142857142855
757 0.42857142857142855
820 0.42857142857142855
869 0.42857142857142855
940 0.42857142857142855
961 0.42857142857142855
175 0.4166666666666667
198 0.4166666666666667
287 0.4166666666666667
421 0.4166666666666667
40 0.4
42 0.4
45 0.4
73 0.4
78 0.4
97 0.4
102 0.4
131 0.4
171 0.4
196 0.4
201 0.4
288 0.4
291 0.4
349 0.4
364 0.4
371 0.4
375 0.4
382 0.4
400 0.4
401 0.4
479 0.4
495 0.4
563 0.4
573 0.4
582 0.4
601 0.4
611 0.4
640 0.4
671 0.4
675 0.4
699 0.4
728 0.4
737 0.4
748 0.4
818 0.4
830 0.4
850 0.4
872 0.4
886 0.4
910 0.4
915 0.4
981 0.4
610 0.38461538461538464
33 0.375
56 0.375
72 0.375
89 0.375
106 0.375
108 0.375
112 0.375
151 0.375
172 0.375
206 0.375
241 0.375
284 0.375
286 0.375
289 0.375
306 0.375
321 0.375
322 0.375
333 0.375
377 0.375
383 0.375
387 0.375
395 0.375
414 0.375
415 0.375
417 0.375
424 0.375
428 0.375
434 0.375
438 0.375
442 0.375
461 0.375
525 0.375
584 0.375
594 0.375
595 0.375
597 0.375
628 0.375
634 0.375
676 0.375
708 0.375
741 0.375
814 0.375
821 0.375
822 0.375
