224 1.0
892 1.0
976 1.0
788 0.9
531 0.8333333333333334
595 0.8181818181818182
62 0.8
318 0.8
388 0.8
626 0.8
379 0.7777777777777778
548 0.7777777777777778
855 0.7777777777777778
924 0.7777777777777778
366 0.75
480 0.75
735 0.75
790 0.75
821 0.75
684 0.7272727272727273
789 0.7272727272727273
967 0.7142857142857143
279 0.7
723 0.7
781 0.7
172 0.6666666666666666
176 0.6666666666666666
227 0.6666666666666666
268 0.6666666666666666
302 0.6666666666666666
331 0.6666666666666666
380 0.6666666666666666
435 0.6666666666666666
440 0.6666666666666666
496 0.6666666666666666
615 0.6666666666666666
636 0.6666666666666666
637 0.6666666666666666
650 0.6666666666666666
679 0.6666666666666666
687 0.6666666666666666
843 0.6666666666666666
850 0.6666666666666666
868 0.6666666666666666
916 0.6666666666666666
861 0.6363636363636364
46 0.6
430 0.6
19 0.5714285714285714
50 0.5714285714285714
88 0.5714285714285714
109 0.5714285714285714
126 0.5714285714285714
135 0.5714285714285714
187 0.5714285714285714
201 0.5714285714285714
339 0.5714285714285714
352 0.5714285714285714
439 0.5714285714285714
452 0.5714285714285714
514 0.5714285714285714
574 0.5714285714285714
634 0.5714285714285714
654 0.5714285714285714
661 0.5714285714285714
690 0.5714285714285714
705 0.5714285714285714
775 0.5714285714285714
810 0.5714285714285714
879 0.5714285714285714
890 0.5714285714285714
932 0.5714285714285714
980 0.5714285714285714
996 0.5714285714285714
361 0.5555555555555556
942 0.5555555555555556
34 0.5
66 0.5
71 0.5
91 0.5
114 0.5
128 0.5
131 0.5
166 0.5
171 0.5
200 0.5
206 0.5
232 0.5
237 0.5
245 0.5
246 0.5
250 0.5
283 0.5
288 0.5
293 0.5
386 0.5
390 0.5
399 0.5
405 0.5
418 0.5
490 0.5
495 0.5
506 0.5
532 0.5
545 0.5
556 0.5
567 0.5
587 0.5
647 0.5
694 0.5
696 0.5
724 0.5
738 0.5
742 0.5
744 0.5
752 0.5
772 0.5
793 0.5
797 0.5
804 0.5
824 0.5
874 0.5
963 0.5
987 0.5
253 0.45454545454545453
622 0.45454545454545453
934 0.45454545454545453
31 0.4444444444444444
38 0.4444444444444444
104 0.4444444444444444
130 0.4444444444444444
151 0.4444444444444444
256 0.4444444444444444
297 0.4444444444444444
301 0.4444444444444444
350 0.4444444444444444
398 0.4444444444444444
411 0.4444444444444444
494 0.4444444444444444
542 0.4444444444444444
572 0.4444444444444444
655 0.4444444444444444
725 0.4444444444444444
726 0.4444444444444444
773 0.4444444444444444
830 0.4444444444444444
969 0.4444444444444444
973 0.4444444444444444
997 0.4444444444444444
3 0.42857142857142855
28 0.42857142857142855
72 0.42857142857142855
78 0.42857142857142855
101 0.42857142857142855
157 0.42857142857142855
162 0.42857142857142855
174 0.42857142857142855
208 0.42857142857142855
223 0.42857142857142855
304 0.42857142857142855
317 0.42857142857142855
363 0.42857142857142855
434 0.42857142857142855
459 0.42857142857142855
554 0.42857142857142855
711 0.42857142857142855
769 0.42857142857142855
840 0.42857142857142855
841 0.42857142857142855
852 0.42857142857142855
857 0.42857142857142855
886 0.42857142857142855
199 0.4166666666666667
462 0.4166666666666667
473 0.4166666666666667
865 0.4166666666666667
907 0.4166666666666667
6 0.4
24 0.4
59 0.4
84 0.4
119 0.4
144 0.4
146 0.4
152 0.4
183 0.4
244 0.4
254 0.4
255 0.4
276 0.4
394 0.4
416 0.4
471 0.4
502 0.4
551 0.4
607 0.4
663 0.4
671 0.4
702 0.4
706 0.4
787 0.4
826 0.4
845 0.4
876 0.4
883 0.4
899 0.4
904 0.4
913 0.4
930 0.4
944 0.4
972 0.4
242 0.38461538461538464
812 0.38461538461538464
813 0.38461538461538464
41 0.375
69 0.375
98 0.375
120 0.375
125 0.375
143 0.375
170 0.375
179 0.375
186 0.375
195 0.375
220 0.375
240 0.375
249 0.375
252 0.375
257 0.375
267 0.375
269 0.375
290 0.375
292 0.375
325 0.375
368 0.375
370 0.375
401 0.375
421 0.375
446 0.375
449 0.375
457 0.375
478 0.375
515 0.375
516 0.375
519 0.375
527 0.375
537 0.375
563 0.375
568 0.375
579 0.375
