841 0.9090909090909091
594 0.8888888888888888
690 0.8888888888888888
933 0.875
874 0.8571428571428571
952 0.8571428571428571
296 0.7777777777777778
568 0.7777777777777778
631 0.7777777777777778
647 0.75
667 0.75
579 0.7272727272727273
675 0.7272727272727273
303 0.7142857142857143
794 0.7142857142857143
975 0.7142857142857143
808 0.7
32 0.6666666666666666
121 0.6666666666666666
155 0.6666666666666666
204 0.6666666666666666
333 0.6666666666666666
391 0.6666666666666666
394 0.6666666666666666
604 0.6666666666666666
656 0.6666666666666666
714 0.6666666666666666
715 0.6666666666666666
783 0.6666666666666666
866 0.6666666666666666
884 0.6666666666666666
905 0.6666666666666666
973 0.6666666666666666
68 0.6363636363636364
320 0.6363636363636364
419 0.625
453 0.625
633 0.625
741 0.625
782 0.625
897 0.625
343 0.6
389 0.6
567 0.6
634 0.6
45 0.5714285714285714
48 0.5714285714285714
57 0.5714285714285714
124 0.5714285714285714
161 0.5714285714285714
178 0.5714285714285714
203 0.5714285714285714
209 0.5714285714285714
217 0.5714285714285714
455 0.5714285714285714
573 0.5714285714285714
606 0.5714285714285714
766 0.5714285714285714
985 0.5714285714285714
20 0.5555555555555556
54 0.5555555555555556
138 0.5555555555555556
225 0.5555555555555556
381 0.5555555555555556
763 0.5555555555555556
949 0.5555555555555556
2 0.5
3 0.5
4 0.5
18 0.5
21 0.5
61 0.5
73 0.5
80 0.5
81 0.5
92 0.5
130 0.5
150 0.5
180 0.5
195 0.5
208 0.5
250 0.5
253 0.5
265 0.5
272 0.5
287 0.5
318 0.5
322 0.5
326 0.5
331 0.5
424 0.5
437 0.5
519 0.5
532 0.5
538 0.5
559 0.5
574 0.5
619 0.5
621 0.5
632 0.5
710 0.5
717 0.5
752 0.5
769 0.5
869 0.5
896 0.5
901 0.5
940 0.5
962 0.5
963 0.5
71 0.45454545454545453
271 0.45454545454545453
494 0.45454545454545453
505 0.45454545454545453
623 0.45454545454545453
13 0.4444444444444444
17 0.4444444444444444
64 0.4444444444444444
69 0.4444444444444444
76 0.4444444444444444
96 0.4444444444444444
101 0.4444444444444444
159 0.4444444444444444
233 0.4444444444444444
245 0.4444444444444444
319 0.4444444444444444
423 0.4444444444444444
469 0.4444444444444444
483 0.4444444444444444
520 0.4444444444444444
536 0.4444444444444444
551 0.4444444444444444
654 0.4444444444444444
692 0.4444444444444444
698 0.4444444444444444
747 0.4444444444444444
754 0.4444444444444444
803 0.4444444444444444
811 0.4444444444444444
817 0.4444444444444444
855 0.4444444444444444
871 0.4444444444444444
881 0.4444444444444444
923 0.4444444444444444
924 0.4444444444444444
928 0.4444444444444444
936 0.4444444444444444
938 0.4444444444444444
22 0.42857142857142855
23 0.42857142857142855
33 0.42857142857142855
83 0.42857142857142855
98 0.42857142857142855
146 0.42857142857142855
347 0.42857142857142855
348 0.42857142857142855
390 0.42857142857142855
462 0.42857142857142855
473 0.42857142857142855
478 0.42857142857142855
495 0.42857142857142855
523 0.42857142857142855
546 0.42857142857142855
566 0.42857142857142855
569 0.42857142857142855
571 0.42857142857142855
615 0.42857142857142855
617 0.42857142857142855
618 0.42857142857142855
738 0.42857142857142855
746 0.42857142857142855
810 0.42857142857142855
816 0.42857142857142855
823 0.42857142857142855
843 0.42857142857142855
857 0.42857142857142855
877 0.42857142857142855
879 0.42857142857142855
942 0.42857142857142855
986 0.42857142857142855
563 0.4166666666666667
36 0.4
40 0.4
87 0.4
189 0.4
194 0.4
202 0.4
211 0.4
214 0.4
216 0.4
275 0.4
332 0.4
392 0.4
401 0.4
415 0.4
418 0.4
442 0.4
456 0.4
468 0.4
510 0.4
557 0.4
589 0.4
630 0.4
639 0.4
734 0.4
756 0.4
773 0.4
774 0.4
844 0.4
846 0.4
847 0.4
861 0.4
955 0.4
998 0.4
953 0.38461538461538464
122 0.375
123 0.375
127 0.375
129 0.375
133 0.375
137 0.375
139 0.375
154 0.375
164 0.375
168 0.375
213 0.375
291 0.375
311 0.375
329 0.375
350 0.375
458 0.375
465 0.375
471 0.375
491 0.375
492 0.375
504 0.375
522 0.375
527 0.375
543 0.375
553 0.375
558 0.375
593 0.375
599 0.375
614 0.375
624 0.375
704 0.375
732 0.375
750 0.375
758 0.375
793 0.375
