123 0.8888888888888888
187 0.8888888888888888
237 0.8888888888888888
88 0.875
773 0.8571428571428571
252 0.8333333333333334
536 0.8333333333333334
74 0.8
262 0.8
314 0.8
399 0.8
451 0.8
475 0.8
867 0.7777777777777778
879 0.7777777777777778
904 0.7777777777777778
988 0.7777777777777778
232 0.75
312 0.75
484 0.75
496 0.75
513 0.75
849 0.75
331 0.7142857142857143
634 0.7142857142857143
632 0.7
51 0.6666666666666666
256 0.6666666666666666
342 0.6666666666666666
461 0.6666666666666666
498 0.6666666666666666
522 0.6666666666666666
597 0.6666666666666666
609 0.6666666666666666
645 0.6666666666666666
775 0.6666666666666666
794 0.6666666666666666
957 0.6666666666666666
962 0.6666666666666666
985 0.6666666666666666
208 0.625
248 0.625
564 0.625
265 0.6
401 0.6
474 0.6
528 0.6
656 0.6
737 0.6
880 0.6
802 0.5833333333333334
33 0.5714285714285714
37 0.5714285714285714
59 0.5714285714285714
85 0.5714285714285714
100 0.5714285714285714
242 0.5714285714285714
324 0.5714285714285714
337 0.5714285714285714
358 0.5714285714285714
430 0.5714285714285714
487 0.5714285714285714
630 0.5714285714285714
642 0.5714285714285714
848 0.5714285714285714
181 0.5555555555555556
270 0.5555555555555556
697 0.5555555555555556
17 0.5
20 0.5
30 0.5
57 0.5
61 0.5
170 0.5
175 0.5
180 0.5
194 0.5
220 0.5
241 0.5
243 0.5
260 0.5
275 0.5
291 0.5
311 0.5
316 0.5
320 0.5
325 0.5
344 0.5
379 0.5
385 0.5
419 0.5
432 0.5
435 0.5
470 0.5
478 0.5
542 0.5
571 0.5
647 0.5
683 0.5
694 0.5
730 0.5
746 0.5
761 0.5
765 0.5
787 0.5
845 0.5
869 0.5
874 0.5
889 0.5
919 0.5
929 0.5
968 0.5
982 0.5
984 0.5
991 0.5
70 0.45454545454545453
662 0.45454545454545453
41 0.4444444444444444
160 0.4444444444444444
209 0.4444444444444444
258 0.4444444444444444
287 0.4444444444444444
298 0.4444444444444444
404 0.4444444444444444
414 0.4444444444444444
415 0.4444444444444444
434 0.4444444444444444
486 0.4444444444444444
638 0.4444444444444444
643 0.4444444444444444
660 0.4444444444444444
677 0.4444444444444444
757 0.4444444444444444
819 0.4444444444444444
831 0.4444444444444444
852 0.4444444444444444
853 0.4444444444444444
894 0.4444444444444444
896 0.4444444444444444
42 0.42857142857142855
73 0.42857142857142855
78 0.42857142857142855
111 0.42857142857142855
135 0.42857142857142855
161 0.42857142857142855
164 0.42857142857142855
201 0.42857142857142855
235 0.42857142857142855
239 0.42857142857142855
264 0.42857142857142855
294 0.42857142857142855
362 0.42857142857142855
365 0.42857142857142855
381 0.42857142857142855
416 0.42857142857142855
462 0.42857142857142855
492 0.42857142857142855
512 0.42857142857142855
518 0.42857142857142855
520 0.42857142857142855
535 0.42857142857142855
548 0.42857142857142855
562 0.42857142857142855
566 0.42857142857142855
577 0.42857142857142855
602 0.42857142857142855
618 0.42857142857142855
669 0.42857142857142855
670 0.42857142857142855
708 0.42857142857142855
721 0.42857142857142855
764 0.42857142857142855
803 0.42857142857142855
892 0.42857142857142855
898 0.42857142857142855
916 0.42857142857142855
931 0.42857142857142855
935 0.42857142857142855
976 0.42857142857142855
72 0.4166666666666667
392 0.4166666666666667
549 0.4166666666666667
695 0.4166666666666667
4 0.4
24 0.4
86 0.4
218 0.4
290 0.4
327 0.4
341 0.4
373 0.4
374 0.4
393 0.4
456 0.4
465 0.4
508 0.4
591 0.4
628 0.4
663 0.4
688 0.4
702 0.4
748 0.4
750 0.4
772 0.4
774 0.4
824 0.4
901 0.4
933 0.4
977 0.4
980 0.4
999 0.4
15 0.38461538461538464
165 0.38461538461538464
8 0.375
13 0.375
25 0.375
44 0.375
49 0.375
55 0.375
116 0.375
136 0.375
143 0.375
190 0.375
196 0.375
214 0.375
216 0.375
268 0.375
297 0.375
304 0.375
317 0.375
347 0.375
405 0.375
406 0.375
417 0.375
429 0.375
466 0.375
472 0.375
476 0.375
491 0.375
497 0.375
587 0.375
594 0.375
605 0.375
611 0.375
617 0.375
621 0.375
698 0.375
710 0.375
741 0.375
753 0.375
