213 0.8571428571428571
752 0.8333333333333334
440 0.8
448 0.8
703 0.8
964 0.8
211 0.75
645 0.75
673 0.75
43 0.7272727272727273
272 0.7272727272727273
464 0.7272727272727273
681 0.7
61 0.6666666666666666
163 0.6666666666666666
175 0.6666666666666666
298 0.6666666666666666
312 0.6666666666666666
432 0.6666666666666666
435 0.6666666666666666
530 0.6666666666666666
538 0.6666666666666666
568 0.6666666666666666
830 0.6666666666666666
297 0.6
130 0.5714285714285714
174 0.5714285714285714
205 0.5714285714285714
283 0.5714285714285714
537 0.5714285714285714
605 0.5714285714285714
628 0.5714285714285714
676 0.5714285714285714
683 0.5714285714285714
715 0.5714285714285714
753 0.5714285714285714
848 0.5714285714285714
270 0.5555555555555556
488 0.5555555555555556
554 0.5555555555555556
708 0.5555555555555556
129 0.5
138 0.5
221 0.5
308 0.5
651 0.5
712 0.5
738 0.5
822 0.5
842 0.5
904 0.5
920 0.5
999 0.5
120 0.4444444444444444
324 0.4444444444444444
465 0.4444444444444444
640 0.4444444444444444
909 0.4444444444444444
134 0.42857142857142855
245 0.42857142857142855
278 0.42857142857142855
359 0.42857142857142855
417 0.42857142857142855
607 0.42857142857142855
11 0.4
40 0.4
237 0.4
273 0.4
415 0.4
424 0.4
436 0.4
442 0.4
516 0.4
518 0.4
544 0.4
589 0.4
599 0.4
709 0.4
843 0.4
147 0.375
148 0.375
261 0.375
343 0.375
511 0.375
535 0.375
663 0.375
680 0.375
767 0.375
855 0.375
862 0.375
971 0.375
974 0.375
12 0.36363636363636365
52 0.36363636363636365
420 0.36363636363636365
480 0.36363636363636365
529 0.36363636363636365
903 0.36363636363636365
916 0.36363636363636365
997 0.36363636363636365
13 0.3333333333333333
44 0.3333333333333333
49 0.3333333333333333
59 0.3333333333333333
84 0.3333333333333333
97 0.3333333333333333
104 0.3333333333333333
122 0.3333333333333333
133 0.3333333333333333
140 0.3333333333333333
149 0.3333333333333333
184 0.3333333333333333
193 0.3333333333333333
235 0.3333333333333333
244 0.3333333333333333
265 0.3333333333333333
314 0.3333333333333333
317 0.3333333333333333
344 0.3333333333333333
366 0.3333333333333333
390 0.3333333333333333
416 0.3333333333333333
454 0.3333333333333333
515 0.3333333333333333
523 0.3333333333333333
549 0.3333333333333333
582 0.3333333333333333
610 0.3333333333333333
615 0.3333333333333333
626 0.3333333333333333
629 0.3333333333333333
654 0.3333333333333333
658 0.3333333333333333
692 0.3333333333333333
697 0.3333333333333333
698 0.3333333333333333
729 0.3333333333333333
731 0.3333333333333333
746 0.3333333333333333
750 0.3333333333333333
754 0.3333333333333333
760 0.3333333333333333
788 0.3333333333333333
789 0.3333333333333333
803 0.3333333333333333
871 0.3333333333333333
919 0.3333333333333333
929 0.3333333333333333
954 0.3333333333333333
961 0.3333333333333333
978 0.3333333333333333
207 0.3076923076923077
397 0.3076923076923077
494 0.3076923076923077
694 0.3076923076923077
805 0.3076923076923077
32 0.3
45 0.3
46 0.3
47 0.3
67 0.3
96 0.3
152 0.3
158 0.3
166 0.3
203 0.3
227 0.3
230 0.3
232 0.3
236 0.3
260 0.3
320 0.3
321 0.3
350 0.3
354 0.3
356 0.3
379 0.3
393 0.3
423 0.3
463 0.3
471 0.3
475 0.3
477 0.3
497 0.3
501 0.3
543 0.3
578 0.3
596 0.3
598 0.3
678 0.3
686 0.3
704 0.3
724 0.3
748 0.3
785 0.3
792 0.3
800 0.3
832 0.3
836 0.3
860 0.3
866 0.3
868 0.3
872 0.3
876 0.3
885 0.3
894 0.3
897 0.3
898 0.3
899 0.3
901 0.3
940 0.3
944 0.3
7 0.2857142857142857
60 0.2857142857142857
119 0.2857142857142857
121 0.2857142857142857
146 0.2857142857142857
156 0.2857142857142857
168 0.2857142857142857
228 0.2857142857142857
247 0.2857142857142857
281 0.2857142857142857
310 0.2857142857142857
468 0.2857142857142857
502 0.2857142857142857
551 0.2857142857142857
556 0.2857142857142857
558 0.2857142857142857
575 0.2857142857142857
581 0.2857142857142857
585 0.2857142857142857
604 0.2857142857142857
625 0.2857142857142857
637 0.2857142857142857
642 0.2857142857142857
675 0.2857142857142857
739 0.2857142857142857
744 0.2857142857142857
747 0.2857142857142857
797 0.2857142857142857
841 0.2857142857142857
857 0.2857142857142857
907 0.2857142857142857
941 0.2857142857142857
942 0.2857142857142857
977 0.2857142857142857
29 0.2727272727272727
35 0.2727272727272727
41 0.2727272727272727
50 0.2727272727272727
