306 0.8
6 0.7
208 0.6666666666666666
225 0.6666666666666666
619 0.6666666666666666
751 0.6666666666666666
787 0.6666666666666666
864 0.6666666666666666
100 0.625
493 0.5833333333333334
3 0.5714285714285714
35 0.5714285714285714
54 0.5714285714285714
62 0.5714285714285714
69 0.5714285714285714
74 0.5714285714285714
558 0.5714285714285714
674 0.5714285714285714
731 0.5714285714285714
861 0.5714285714285714
916 0.5714285714285714
514 0.5454545454545454
922 0.5384615384615384
18 0.5
133 0.5
156 0.5
157 0.5
234 0.5
375 0.5
509 0.5
533 0.5
549 0.5
583 0.5
624 0.5
711 0.5
746 0.5
820 0.5
847 0.5
868 0.5
939 0.5
386 0.45454545454545453
512 0.45454545454545453
521 0.45454545454545453
503 0.4444444444444444
712 0.4444444444444444
765 0.4444444444444444
805 0.4444444444444444
810 0.4444444444444444
869 0.4444444444444444
956 0.4444444444444444
184 0.42857142857142855
230 0.42857142857142855
328 0.42857142857142855
471 0.42857142857142855
473 0.42857142857142855
611 0.42857142857142855
704 0.42857142857142855
906 0.42857142857142855
930 0.42857142857142855
633 0.4166666666666667
755 0.4166666666666667
878 0.4166666666666667
38 0.4
261 0.4
462 0.4
520 0.4
867 0.4
998 0.4
68 0.38461538461538464
64 0.375
201 0.375
211 0.375
226 0.375
287 0.375
309 0.375
330 0.375
387 0.375
486 0.375
524 0.375
741 0.375
793 0.375
863 0.375
933 0.375
946 0.375
988 0.375
87 0.36363636363636365
129 0.36363636363636365
168 0.36363636363636365
174 0.36363636363636365
517 0.36363636363636365
791 0.36363636363636365
996 0.36363636363636365
834 0.35714285714285715
13 0.3333333333333333
14 0.3333333333333333
24 0.3333333333333333
41 0.3333333333333333
42 0.3333333333333333
55 0.3333333333333333
82 0.3333333333333333
96 0.3333333333333333
101 0.3333333333333333
154 0.3333333333333333
169 0.3333333333333333
190 0.3333333333333333
227 0.3333333333333333
239 0.3333333333333333
344 0.3333333333333333
377 0.3333333333333333
383 0.3333333333333333
414 0.3333333333333333
431 0.3333333333333333
439 0.3333333333333333
455 0.3333333333333333
466 0.3333333333333333
484 0.3333333333333333
494 0.3333333333333333
568 0.3333333333333333
575 0.3333333333333333
600 0.3333333333333333
602 0.3333333333333333
608 0.3333333333333333
627 0.3333333333333333
636 0.3333333333333333
645 0.3333333333333333
656 0.3333333333333333
689 0.3333333333333333
713 0.3333333333333333
806 0.3333333333333333
817 0.3333333333333333
839 0.3333333333333333
844 0.3333333333333333
898 0.3333333333333333
969 0.3333333333333333
165 0.3076923076923077
229 0.3076923076923077
299 0.3076923076923077
301 0.3076923076923077
356 0.3076923076923077
593 0.3076923076923077
859 0.3076923076923077
52 0.3
56 0.3
95 0.3
142 0.3
145 0.3
149 0.3
162 0.3
176 0.3
193 0.3
197 0.3
238 0.3
243 0.3
264 0.3
280 0.3
313 0.3
322 0.3
333 0.3
362 0.3
372 0.3
438 0.3
442 0.3
451 0.3
485 0.3
523 0.3
541 0.3
563 0.3
616 0.3
638 0.3
641 0.3
642 0.3
666 0.3
685 0.3
710 0.3
724 0.3
727 0.3
745 0.3
748 0.3
790 0.3
807 0.3
850 0.3
872 0.3
874 0.3
888 0.3
909 0.3
951 0.3
993 0.3
995 0.3
61 0.2857142857142857
63 0.2857142857142857
109 0.2857142857142857
202 0.2857142857142857
250 0.2857142857142857
402 0.2857142857142857
416 0.2857142857142857
422 0.2857142857142857
444 0.2857142857142857
501 0.2857142857142857
506 0.2857142857142857
525 0.2857142857142857
527 0.2857142857142857
561 0.2857142857142857
573 0.2857142857142857
576 0.2857142857142857
613 0.2857142857142857
629 0.2857142857142857
671 0.2857142857142857
676 0.2857142857142857
739 0.2857142857142857
761 0.2857142857142857
788 0.2857142857142857
841 0.2857142857142857
858 0.2857142857142857
873 0.2857142857142857
880 0.2857142857142857
883 0.2857142857142857
890 0.2857142857142857
894 0.2857142857142857
903 0.2857142857142857
7 0.2727272727272727
30 0.2727272727272727
86 0.2727272727272727
88 0.2727272727272727
119 0.2727272727272727
121 0.2727272727272727
166 0.2727272727272727
172 0.2727272727272727
186 0.2727272727272727
209 0.2727272727272727
213 0.2727272727272727
253 0.2727272727272727
254 0.2727272727272727
265 0.2727272727272727
315 0.2727272727272727
317 0.2727272727272727
329 0.2727272727272727
345 0.2727272727272727
367 0.2727272727272727
385 0.2727272727272727
388 0.2727272727272727
403 0.2727272727272727
413 0.2727272727272727
433 0.2727272727272727
475 0.2727272727272727
480 0.2727272727272727
489 0.2727272727272727
687 0.2727272727272727
715 0.2727272727272727
734 0.2727272727272727
786 0.2727272727272727
