999 0.8333333333333334
70 0.8
940 0.8
65 0.7777777777777778
419 0.7777777777777778
383 0.75
991 0.75
474 0.7142857142857143
611 0.7142857142857143
429 0.7
572 0.7
87 0.6666666666666666
201 0.6666666666666666
213 0.6666666666666666
261 0.6666666666666666
416 0.6666666666666666
462 0.6666666666666666
464 0.6666666666666666
521 0.6666666666666666
596 0.6666666666666666
719 0.6666666666666666
921 0.6666666666666666
953 0.6666666666666666
508 0.625
588 0.625
605 0.625
388 0.6
256 0.5833333333333334
10 0.5714285714285714
126 0.5714285714285714
536 0.5714285714285714
716 0.5714285714285714
744 0.5714285714285714
545 0.5454545454545454
576 0.5454545454545454
140 0.5
149 0.5
274 0.5
280 0.5
298 0.5
303 0.5
343 0.5
370 0.5
456 0.5
458 0.5
580 0.5
687 0.5
690 0.5
765 0.5
868 0.5
893 0.5
984 0.5
161 0.45454545454545453
21 0.4444444444444444
110 0.4444444444444444
183 0.4444444444444444
306 0.4444444444444444
374 0.4444444444444444
450 0.4444444444444444
512 0.4444444444444444
602 0.4444444444444444
617 0.4444444444444444
790 0.4444444444444444
828 0.4444444444444444
830 0.4444444444444444
949 0.4444444444444444
36 0.42857142857142855
66 0.42857142857142855
697 0.42857142857142855
775 0.42857142857142855
869 0.42857142857142855
935 0.42857142857142855
604 0.4166666666666667
52 0.4
119 0.4
245 0.4
266 0.4
281 0.4
284 0.4
309 0.4
378 0.4
531 0.4
569 0.4
754 0.4
101 0.375
127 0.375
250 0.375
515 0.375
516 0.375
525 0.375
562 0.375
644 0.375
712 0.375
805 0.375
841 0.375
884 0.375
907 0.375
968 0.375
970 0.375
139 0.36363636363636365
170 0.36363636363636365
473 0.36363636363636365
490 0.36363636363636365
610 0.36363636363636365
710 0.36363636363636365
899 0.36363636363636365
0 0.3333333333333333
3 0.3333333333333333
19 0.3333333333333333
78 0.3333333333333333
107 0.3333333333333333
121 0.3333333333333333
129 0.3333333333333333
130 0.3333333333333333
131 0.3333333333333333
177 0.3333333333333333
179 0.3333333333333333
200 0.3333333333333333
217 0.3333333333333333
229 0.3333333333333333
247 0.3333333333333333
253 0.3333333333333333
290 0.3333333333333333
319 0.3333333333333333
332 0.3333333333333333
354 0.3333333333333333
364 0.3333333333333333
368 0.3333333333333333
385 0.3333333333333333
387 0.3333333333333333
418 0.3333333333333333
441 0.3333333333333333
461 0.3333333333333333
513 0.3333333333333333
570 0.3333333333333333
595 0.3333333333333333
614 0.3333333333333333
652 0.3333333333333333
680 0.3333333333333333
685 0.3333333333333333
686 0.3333333333333333
693 0.3333333333333333
699 0.3333333333333333
729 0.3333333333333333
741 0.3333333333333333
773 0.3333333333333333
786 0.3333333333333333
789 0.3333333333333333
892 0.3333333333333333
919 0.3333333333333333
923 0.3333333333333333
938 0.3333333333333333
944 0.3333333333333333
15 0.3076923076923077
271 0.3076923076923077
360 0.3076923076923077
400 0.3076923076923077
476 0.3076923076923077
500 0.3076923076923077
11 0.3
44 0.3
72 0.3
77 0.3
118 0.3
124 0.3
125 0.3
133 0.3
155 0.3
187 0.3
276 0.3
283 0.3
341 0.3
380 0.3
395 0.3
406 0.3
421 0.3
426 0.3
439 0.3
460 0.3
463 0.3
482 0.3
537 0.3
547 0.3
553 0.3
564 0.3
567 0.3
584 0.3
598 0.3
672 0.3
689 0.3
726 0.3
749 0.3
768 0.3
787 0.3
793 0.3
799 0.3
806 0.3
842 0.3
855 0.3
886 0.3
918 0.3
927 0.3
951 0.3
980 0.3
982 0.3
4 0.2857142857142857
58 0.2857142857142857
62 0.2857142857142857
69 0.2857142857142857
117 0.2857142857142857
159 0.2857142857142857
172 0.2857142857142857
209 0.2857142857142857
231 0.2857142857142857
243 0.2857142857142857
293 0.2857142857142857
310 0.2857142857142857
353 0.2857142857142857
382 0.2857142857142857
399 0.2857142857142857
401 0.2857142857142857
443 0.2857142857142857
469 0.2857142857142857
505 0.2857142857142857
506 0.2857142857142857
522 0.2857142857142857
524 0.2857142857142857
621 0.2857142857142857
650 0.2857142857142857
681 0.2857142857142857
778 0.2857142857142857
780 0.2857142857142857
858 0.2857142857142857
864 0.2857142857142857
865 0.2857142857142857
873 0.2857142857142857
874 0.2857142857142857
922 0.2857142857142857
948 0.2857142857142857
39 0.2727272727272727
40 0.2727272727272727
50 0.2727272727272727
51 0.2727272727272727
55 0.2727272727272727
74 0.2727272727272727
81 0.2727272727272727
82 0.2727272727272727
85 0.2727272727272727
103 0.2727272727272727
145 0.2727272727272727
