135 1.0
785 1.0
25 0.875
84 0.875
373 0.875
143 0.8333333333333334
164 0.8333333333333334
480 0.8333333333333334
227 0.8
258 0.8
393 0.8
679 0.8
609 0.7777777777777778
777 0.7777777777777778
214 0.75
381 0.75
786 0.75
933 0.75
76 0.7142857142857143
897 0.7142857142857143
931 0.7142857142857143
89 0.6923076923076923
2 0.6666666666666666
74 0.6666666666666666
78 0.6666666666666666
93 0.6666666666666666
105 0.6666666666666666
112 0.6666666666666666
120 0.6666666666666666
229 0.6666666666666666
251 0.6666666666666666
355 0.6666666666666666
371 0.6666666666666666
396 0.6666666666666666
439 0.6666666666666666
449 0.6666666666666666
489 0.6666666666666666
533 0.6666666666666666
563 0.6666666666666666
630 0.6666666666666666
646 0.6666666666666666
717 0.6666666666666666
755 0.6666666666666666
757 0.6666666666666666
760 0.6666666666666666
820 0.6666666666666666
827 0.6666666666666666
956 0.6666666666666666
999 0.6666666666666666
108 0.625
300 0.625
529 0.625
861 0.6153846153846154
455 0.6
325 0.5833333333333334
121 0.5714285714285714
202 0.5714285714285714
254 0.5714285714285714
270 0.5714285714285714
346 0.5714285714285714
362 0.5714285714285714
451 0.5714285714285714
548 0.5714285714285714
578 0.5714285714285714
589 0.5714285714285714
670 0.5714285714285714
708 0.5714285714285714
731 0.5714285714285714
798 0.5714285714285714
799 0.5714285714285714
884 0.5714285714285714
905 0.5714285714285714
929 0.5714285714285714
951 0.5714285714285714
974 0.5714285714285714
978 0.5714285714285714
972 0.5555555555555556
10 0.5
15 0.5
22 0.5
149 0.5
190 0.5
259 0.5
291 0.5
312 0.5
321 0.5
339 0.5
342 0.5
344 0.5
352 0.5
357 0.5
411 0.5
474 0.5
488 0.5
495 0.5
514 0.5
586 0.5
599 0.5
614 0.5
621 0.5
651 0.5
660 0.5
677 0.5
690 0.5
759 0.5
776 0.5
781 0.5
792 0.5
793 0.5
837 0.5
853 0.5
868 0.5
869 0.5
894 0.5
910 0.5
912 0.5
950 0.5
386 0.46153846153846156
110 0.45454545454545453
230 0.45454545454545453
262 0.45454545454545453
408 0.45454545454545453
782 0.45454545454545453
11 0.4444444444444444
47 0.4444444444444444
49 0.4444444444444444
56 0.4444444444444444
97 0.4444444444444444
157 0.4444444444444444
180 0.4444444444444444
298 0.4444444444444444
310 0.4444444444444444
416 0.4444444444444444
444 0.4444444444444444
507 0.4444444444444444
532 0.4444444444444444
636 0.4444444444444444
716 0.4444444444444444
719 0.4444444444444444
729 0.4444444444444444
735 0.4444444444444444
818 0.4444444444444444
961 0.4444444444444444
117 0.42857142857142855
144 0.42857142857142855
153 0.42857142857142855
156 0.42857142857142855
169 0.42857142857142855
170 0.42857142857142855
187 0.42857142857142855
212 0.42857142857142855
217 0.42857142857142855
224 0.42857142857142855
239 0.42857142857142855
274 0.42857142857142855
281 0.42857142857142855
318 0.42857142857142855
336 0.42857142857142855
397 0.42857142857142855
409 0.42857142857142855
417 0.42857142857142855
423 0.42857142857142855
429 0.42857142857142855
467 0.42857142857142855
471 0.42857142857142855
498 0.42857142857142855
519 0.42857142857142855
526 0.42857142857142855
560 0.42857142857142855
580 0.42857142857142855
657 0.42857142857142855
665 0.42857142857142855
680 0.42857142857142855
683 0.42857142857142855
801 0.42857142857142855
811 0.42857142857142855
813 0.42857142857142855
831 0.42857142857142855
842 0.42857142857142855
845 0.42857142857142855
870 0.42857142857142855
871 0.42857142857142855
890 0.42857142857142855
909 0.42857142857142855
920 0.42857142857142855
922 0.42857142857142855
928 0.42857142857142855
963 0.42857142857142855
155 0.4166666666666667
266 0.4166666666666667
524 0.4166666666666667
3 0.4
13 0.4
173 0.4
245 0.4
252 0.4
260 0.4
308 0.4
313 0.4
315 0.4
316 0.4
338 0.4
353 0.4
360 0.4
368 0.4
388 0.4
412 0.4
572 0.4
585 0.4
610 0.4
654 0.4
661 0.4
672 0.4
723 0.4
727 0.4
765 0.4
769 0.4
891 0.4
925 0.4
943 0.4
944 0.4
945 0.4
969 0.4
993 0.4
51 0.38461538461538464
1 0.375
8 0.375
39 0.375
60 0.375
63 0.375
65 0.375
80 0.375
99 0.375
107 0.375
152 0.375
159 0.375
177 0.375
183 0.375
204 0.375
210 0.375
233 0.375
247 0.375
248 0.375
292 0.375
332 0.375
359 0.375
365 0.375
459 0.375
491 0.375
500 0.375
