709 1.0
769 1.0
651 0.875
171 0.8333333333333334
246 0.8333333333333334
95 0.8
101 0.8
498 0.8
683 0.8
854 0.8
945 0.8
911 0.7777777777777778
48 0.75
457 0.75
502 0.75
924 0.75
411 0.7142857142857143
258 0.7
425 0.7
205 0.6666666666666666
236 0.6666666666666666
269 0.6666666666666666
287 0.6666666666666666
314 0.6666666666666666
499 0.6666666666666666
607 0.6666666666666666
633 0.6666666666666666
661 0.6666666666666666
665 0.6666666666666666
727 0.6666666666666666
872 0.6666666666666666
940 0.6666666666666666
119 0.625
598 0.625
847 0.625
883 0.625
237 0.6153846153846154
67 0.6
858 0.6
867 0.6
772 0.5833333333333334
3 0.5714285714285714
17 0.5714285714285714
23 0.5714285714285714
113 0.5714285714285714
155 0.5714285714285714
161 0.5714285714285714
164 0.5714285714285714
339 0.5714285714285714
482 0.5714285714285714
538 0.5714285714285714
540 0.5714285714285714
547 0.5714285714285714
576 0.5714285714285714
615 0.5714285714285714
656 0.5714285714285714
667 0.5714285714285714
690 0.5714285714285714
699 0.5714285714285714
780 0.5714285714285714
943 0.5714285714285714
972 0.5714285714285714
68 0.5555555555555556
227 0.5555555555555556
426 0.5555555555555556
440 0.5555555555555556
581 0.5555555555555556
37 0.5454545454545454
33 0.5
58 0.5
94 0.5
105 0.5
144 0.5
146 0.5
149 0.5
230 0.5
260 0.5
313 0.5
318 0.5
319 0.5
367 0.5
484 0.5
508 0.5
549 0.5
557 0.5
572 0.5
579 0.5
582 0.5
654 0.5
675 0.5
698 0.5
721 0.5
736 0.5
771 0.5
773 0.5
805 0.5
817 0.5
855 0.5
856 0.5
894 0.5
921 0.5
934 0.5
957 0.5
962 0.5
970 0.5
991 0.5
999 0.5
952 0.46153846153846156
44 0.4444444444444444
151 0.4444444444444444
278 0.4444444444444444
291 0.4444444444444444
293 0.4444444444444444
358 0.4444444444444444
458 0.4444444444444444
541 0.4444444444444444
734 0.4444444444444444
795 0.4444444444444444
884 0.4444444444444444
896 0.4444444444444444
897 0.4444444444444444
39 0.42857142857142855
71 0.42857142857142855
102 0.42857142857142855
177 0.42857142857142855
249 0.42857142857142855
298 0.42857142857142855
310 0.42857142857142855
316 0.42857142857142855
360 0.42857142857142855
382 0.42857142857142855
388 0.42857142857142855
421 0.42857142857142855
432 0.42857142857142855
467 0.42857142857142855
489 0.42857142857142855
556 0.42857142857142855
616 0.42857142857142855
617 0.42857142857142855
650 0.42857142857142855
753 0.42857142857142855
758 0.42857142857142855
760 0.42857142857142855
785 0.42857142857142855
832 0.42857142857142855
873 0.42857142857142855
926 0.42857142857142855
958 0.42857142857142855
967 0.42857142857142855
990 0.42857142857142855
998 0.42857142857142855
73 0.4166666666666667
521 0.4166666666666667
41 0.4
42 0.4
157 0.4
162 0.4
197 0.4
217 0.4
261 0.4
305 0.4
333 0.4
364 0.4
400 0.4
401 0.4
462 0.4
469 0.4
504 0.4
512 0.4
519 0.4
545 0.4
569 0.4
608 0.4
660 0.4
668 0.4
674 0.4
701 0.4
767 0.4
828 0.4
52 0.375
63 0.375
65 0.375
81 0.375
84 0.375
87 0.375
137 0.375
150 0.375
167 0.375
186 0.375
193 0.375
207 0.375
259 0.375
328 0.375
341 0.375
366 0.375
394 0.375
409 0.375
428 0.375
436 0.375
452 0.375
477 0.375
481 0.375
509 0.375
514 0.375
536 0.375
566 0.375
574 0.375
583 0.375
606 0.375
629 0.375
632 0.375
645 0.375
652 0.375
653 0.375
655 0.375
657 0.375
706 0.375
745 0.375
748 0.375
774 0.375
809 0.375
816 0.375
829 0.375
850 0.375
877 0.375
885 0.375
893 0.375
899 0.375
907 0.375
931 0.375
954 0.375
979 0.375
13 0.36363636363636365
20 0.36363636363636365
91 0.36363636363636365
114 0.36363636363636365
168 0.36363636363636365
272 0.36363636363636365
290 0.36363636363636365
334 0.36363636363636365
336 0.36363636363636365
385 0.36363636363636365
391 0.36363636363636365
395 0.36363636363636365
412 0.36363636363636365
505 0.36363636363636365
561 0.36363636363636365
564 0.36363636363636365
614 0.36363636363636365
731 0.36363636363636365
