863 1.0
571 0.875
136 0.8333333333333334
223 0.8
504 0.8
587 0.8
598 0.8
767 0.7777777777777778
612 0.75
439 0.7142857142857143
15 0.6666666666666666
474 0.6666666666666666
510 0.6666666666666666
516 0.6666666666666666
580 0.6666666666666666
878 0.6666666666666666
898 0.6666666666666666
996 0.6666666666666666
290 0.6
735 0.6
574 0.5833333333333334
24 0.5714285714285714
155 0.5714285714285714
180 0.5714285714285714
256 0.5714285714285714
262 0.5714285714285714
313 0.5714285714285714
328 0.5714285714285714
335 0.5714285714285714
463 0.5714285714285714
511 0.5714285714285714
651 0.5714285714285714
693 0.5714285714285714
757 0.5714285714285714
819 0.5714285714285714
832 0.5714285714285714
926 0.5714285714285714
434 0.5555555555555556
630 0.5454545454545454
867 0.5454545454545454
49 0.5
104 0.5
232 0.5
255 0.5
257 0.5
273 0.5
360 0.5
381 0.5
431 0.5
523 0.5
570 0.5
691 0.5
710 0.5
744 0.5
746 0.5
796 0.5
884 0.5
690 0.45454545454545453
4 0.4444444444444444
186 0.4444444444444444
303 0.4444444444444444
367 0.4444444444444444
457 0.4444444444444444
491 0.4444444444444444
494 0.4444444444444444
495 0.4444444444444444
503 0.4444444444444444
542 0.4444444444444444
549 0.4444444444444444
729 0.4444444444444444
861 0.4444444444444444
34 0.42857142857142855
64 0.42857142857142855
66 0.42857142857142855
174 0.42857142857142855
237 0.42857142857142855
247 0.42857142857142855
326 0.42857142857142855
415 0.42857142857142855
489 0.42857142857142855
809 0.42857142857142855
836 0.42857142857142855
902 0.42857142857142855
330 0.4166666666666667
496 0.4166666666666667
93 0.4
191 0.4
299 0.4
320 0.4
344 0.4
426 0.4
715 0.4
722 0.4
761 0.4
834 0.4
839 0.4
56 0.375
115 0.375
198 0.375
271 0.375
316 0.375
369 0.375
397 0.375
465 0.375
486 0.375
502 0.375
600 0.375
618 0.375
620 0.375
705 0.375
850 0.375
27 0.36363636363636365
169 0.36363636363636365
227 0.36363636363636365
233 0.36363636363636365
466 0.36363636363636365
481 0.36363636363636365
617 0.36363636363636365
676 0.36363636363636365
760 0.36363636363636365
957 0.35714285714285715
31 0.3333333333333333
69 0.3333333333333333
79 0.3333333333333333
81 0.3333333333333333
88 0.3333333333333333
103 0.3333333333333333
168 0.3333333333333333
171 0.3333333333333333
195 0.3333333333333333
208 0.3333333333333333
209 0.3333333333333333
226 0.3333333333333333
240 0.3333333333333333
276 0.3333333333333333
279 0.3333333333333333
307 0.3333333333333333
346 0.3333333333333333
409 0.3333333333333333
435 0.3333333333333333
448 0.3333333333333333
452 0.3333333333333333
462 0.3333333333333333
484 0.3333333333333333
522 0.3333333333333333
535 0.3333333333333333
582 0.3333333333333333
643 0.3333333333333333
685 0.3333333333333333
694 0.3333333333333333
709 0.3333333333333333
724 0.3333333333333333
731 0.3333333333333333
756 0.3333333333333333
816 0.3333333333333333
849 0.3333333333333333
857 0.3333333333333333
869 0.3333333333333333
872 0.3333333333333333
876 0.3333333333333333
894 0.3333333333333333
924 0.3333333333333333
937 0.3333333333333333
960 0.3333333333333333
961 0.3333333333333333
965 0.3333333333333333
982 0.3333333333333333
985 0.3333333333333333
139 0.3125
94 0.3076923076923077
150 0.3076923076923077
534 0.3076923076923077
807 0.3076923076923077
838 0.3076923076923077
954 0.3076923076923077
20 0.3
71 0.3
102 0.3
109 0.3
153 0.3
173 0.3
199 0.3
202 0.3
203 0.3
207 0.3
213 0.3
245 0.3
246 0.3
258 0.3
274 0.3
277 0.3
282 0.3
324 0.3
352 0.3
376 0.3
396 0.3
427 0.3
538 0.3
545 0.3
552 0.3
638 0.3
678 0.3
717 0.3
723 0.3
785 0.3
812 0.3
820 0.3
845 0.3
882 0.3
885 0.3
886 0.3
899 0.3
955 0.3
958 0.3
992 0.3
18 0.2857142857142857
22 0.2857142857142857
33 0.2857142857142857
35 0.2857142857142857
48 0.2857142857142857
84 0.2857142857142857
91 0.2857142857142857
101 0.2857142857142857
140 0.2857142857142857
157 0.2857142857142857
220 0.2857142857142857
248 0.2857142857142857
288 0.2857142857142857
308 0.2857142857142857
341 0.2857142857142857
348 0.2857142857142857
393 0.2857142857142857
414 0.2857142857142857
443 0.2857142857142857
444 0.2857142857142857
446 0.2857142857142857
527 0.2857142857142857
546 0.2857142857142857
573 0.2857142857142857
583 0.2857142857142857
621 0.2857142857142857
660 0.2857142857142857
701 0.2857142857142857
704 0.2857142857142857
768 0.2857142857142857
827 0.2857142857142857
830 0.2857142857142857
851 0.2857142857142857
888 0.2857142857142857
912 0.2857142857142857
