125 1.0
570 1.0
127 0.8888888888888888
120 0.875
304 0.8333333333333334
436 0.8
900 0.75
143 0.7142857142857143
509 0.7142857142857143
348 0.7
34 0.6666666666666666
103 0.6666666666666666
210 0.6666666666666666
256 0.6666666666666666
284 0.6666666666666666
368 0.6666666666666666
385 0.6666666666666666
575 0.6666666666666666
662 0.6666666666666666
670 0.6666666666666666
709 0.6666666666666666
721 0.6666666666666666
758 0.6666666666666666
812 0.6666666666666666
501 0.625
534 0.625
78 0.6
92 0.6
293 0.6
365 0.6
393 0.6
407 0.6
917 0.6
54 0.5714285714285714
228 0.5714285714285714
341 0.5714285714285714
366 0.5714285714285714
454 0.5714285714285714
824 0.5714285714285714
667 0.5555555555555556
535 0.5454545454545454
581 0.5454545454545454
693 0.5454545454545454
82 0.5
144 0.5
246 0.5
249 0.5
332 0.5
396 0.5
409 0.5
477 0.5
511 0.5
516 0.5
540 0.5
618 0.5
635 0.5
680 0.5
687 0.5
691 0.5
703 0.5
743 0.5
748 0.5
835 0.5
852 0.5
880 0.5
904 0.5
322 0.45454545454545453
8 0.4444444444444444
20 0.4444444444444444
122 0.4444444444444444
151 0.4444444444444444
155 0.4444444444444444
358 0.4444444444444444
399 0.4444444444444444
441 0.4444444444444444
568 0.4444444444444444
637 0.4444444444444444
710 0.4444444444444444
752 0.4444444444444444
768 0.4444444444444444
851 0.4444444444444444
905 0.4444444444444444
957 0.4444444444444444
967 0.4444444444444444
32 0.42857142857142855
53 0.42857142857142855
83 0.42857142857142855
372 0.42857142857142855
403 0.42857142857142855
442 0.42857142857142855
465 0.42857142857142855
495 0.42857142857142855
572 0.42857142857142855
664 0.42857142857142855
705 0.42857142857142855
732 0.42857142857142855
782 0.42857142857142855
911 0.42857142857142855
987 0.42857142857142855
619 0.4166666666666667
61 0.4
81 0.4
148 0.4
188 0.4
269 0.4
315 0.4
419 0.4
466 0.4
481 0.4
548 0.4
555 0.4
627 0.4
695 0.4
725 0.4
773 0.4
827 0.4
854 0.4
870 0.4
977 0.4
999 0.4
113 0.38461538461538464
217 0.38461538461538464
901 0.38461538461538464
934 0.38461538461538464
141 0.375
250 0.375
439 0.375
452 0.375
482 0.375
533 0.375
692 0.375
717 0.375
741 0.375
742 0.375
785 0.375
855 0.375
930 0.375
102 0.36363636363636365
154 0.36363636363636365
463 0.36363636363636365
554 0.36363636363636365
590 0.36363636363636365
604 0.36363636363636365
641 0.36363636363636365
734 0.36363636363636365
745 0.36363636363636365
633 0.35714285714285715
726 0.35714285714285715
22 0.3333333333333333
33 0.3333333333333333
41 0.3333333333333333
43 0.3333333333333333
49 0.3333333333333333
51 0.3333333333333333
55 0.3333333333333333
73 0.3333333333333333
80 0.3333333333333333
87 0.3333333333333333
112 0.3333333333333333
126 0.3333333333333333
135 0.3333333333333333
136 0.3333333333333333
142 0.3333333333333333
159 0.3333333333333333
165 0.3333333333333333
170 0.3333333333333333
171 0.3333333333333333
184 0.3333333333333333
190 0.3333333333333333
195 0.3333333333333333
212 0.3333333333333333
225 0.3333333333333333
226 0.3333333333333333
243 0.3333333333333333
251 0.3333333333333333
261 0.3333333333333333
266 0.3333333333333333
277 0.3333333333333333
305 0.3333333333333333
316 0.3333333333333333
329 0.3333333333333333
355 0.3333333333333333
384 0.3333333333333333
388 0.3333333333333333
390 0.3333333333333333
401 0.3333333333333333
410 0.3333333333333333
415 0.3333333333333333
416 0.3333333333333333
420 0.3333333333333333
422 0.3333333333333333
432 0.3333333333333333
446 0.3333333333333333
456 0.3333333333333333
467 0.3333333333333333
469 0.3333333333333333
496 0.3333333333333333
512 0.3333333333333333
521 0.3333333333333333
524 0.3333333333333333
530 0.3333333333333333
531 0.3333333333333333
538 0.3333333333333333
545 0.3333333333333333
547 0.3333333333333333
561 0.3333333333333333
601 0.3333333333333333
606 0.3333333333333333
634 0.3333333333333333
656 0.3333333333333333
681 0.3333333333333333
702 0.3333333333333333
713 0.3333333333333333
723 0.3333333333333333
749 0.3333333333333333
763 0.3333333333333333
765 0.3333333333333333
771 0.3333333333333333
772 0.3333333333333333
789 0.3333333333333333
805 0.3333333333333333
818 0.3333333333333333
822 0.3333333333333333
836 0.3333333333333333
846 0.3333333333333333
850 0.3333333333333333
857 0.3333333333333333
868 0.3333333333333333
872 0.3333333333333333
914 0.3333333333333333
920 0.3333333333333333
926 0.3333333333333333
931 0.3333333333333333
936 0.3333333333333333
961 0.3333333333333333
39 0.3076923076923077
47 0.3076923076923077
59 0.3076923076923077
186 0.3076923076923077
240 0.3076923076923077
402 0.3076923076923077
696 0.3076923076923077
707 0.3076923076923077
761 0.3076923076923077
859 0.3076923076923077
963 0.3076923076923077
978 0.3076923076923077
1 0.3
30 0.3
79 0.3
