769 1.0
232 0.8333333333333334
986 0.8
966 0.7272727272727273
62 0.6666666666666666
398 0.6666666666666666
461 0.6666666666666666
638 0.6666666666666666
751 0.6666666666666666
995 0.6666666666666666
894 0.625
971 0.6153846153846154
226 0.6
928 0.6
823 0.5714285714285714
180 0.5
241 0.5
315 0.5
469 0.5
633 0.5
634 0.5
802 0.5
816 0.5
931 0.5
939 0.5
975 0.5
102 0.4444444444444444
288 0.4444444444444444
326 0.4444444444444444
362 0.4444444444444444
535 0.4444444444444444
775 0.4444444444444444
507 0.42857142857142855
576 0.42857142857142855
785 0.42857142857142855
924 0.42857142857142855
539 0.4166666666666667
649 0.4166666666666667
15 0.4
47 0.4
522 0.4
538 0.4
544 0.4
616 0.4
709 0.4
814 0.4
902 0.4
10 0.375
105 0.375
223 0.375
340 0.375
355 0.375
495 0.375
639 0.375
642 0.375
653 0.375
708 0.375
710 0.375
829 0.375
887 0.375
938 0.375
291 0.36363636363636365
453 0.36363636363636365
514 0.36363636363636365
827 0.36363636363636365
20 0.3333333333333333
53 0.3333333333333333
56 0.3333333333333333
77 0.3333333333333333
78 0.3333333333333333
90 0.3333333333333333
106 0.3333333333333333
115 0.3333333333333333
129 0.3333333333333333
145 0.3333333333333333
153 0.3333333333333333
154 0.3333333333333333
264 0.3333333333333333
270 0.3333333333333333
271 0.3333333333333333
325 0.3333333333333333
345 0.3333333333333333
358 0.3333333333333333
382 0.3333333333333333
399 0.3333333333333333
454 0.3333333333333333
471 0.3333333333333333
512 0.3333333333333333
530 0.3333333333333333
536 0.3333333333333333
551 0.3333333333333333
592 0.3333333333333333
658 0.3333333333333333
670 0.3333333333333333
687 0.3333333333333333
711 0.3333333333333333
718 0.3333333333333333
724 0.3333333333333333
732 0.3333333333333333
771 0.3333333333333333
835 0.3333333333333333
853 0.3333333333333333
863 0.3333333333333333
870 0.3333333333333333
877 0.3333333333333333
909 0.3333333333333333
935 0.3333333333333333
950 0.3333333333333333
978 0.3333333333333333
31 0.3076923076923077
83 0.3076923076923077
121 0.3076923076923077
761 0.3076923076923077
1 0.3
50 0.3
82 0.3
97 0.3
104 0.3
137 0.3
142 0.3
165 0.3
174 0.3
239 0.3
293 0.3
303 0.3
380 0.3
411 0.3
424 0.3
444 0.3
448 0.3
477 0.3
497 0.3
504 0.3
537 0.3
549 0.3
565 0.3
600 0.3
635 0.3
644 0.3
682 0.3
685 0.3
722 0.3
729 0.3
745 0.3
750 0.3
767 0.3
779 0.3
784 0.3
932 0.3
997 0.3
18 0.2857142857142857
25 0.2857142857142857
69 0.2857142857142857
119 0.2857142857142857
134 0.2857142857142857
143 0.2857142857142857
150 0.2857142857142857
156 0.2857142857142857
168 0.2857142857142857
171 0.2857142857142857
176 0.2857142857142857
177 0.2857142857142857
244 0.2857142857142857
266 0.2857142857142857
280 0.2857142857142857
304 0.2857142857142857
318 0.2857142857142857
354 0.2857142857142857
360 0.2857142857142857
560 0.2857142857142857
580 0.2857142857142857
595 0.2857142857142857
607 0.2857142857142857
610 0.2857142857142857
664 0.2857142857142857
701 0.2857142857142857
748 0.2857142857142857
809 0.2857142857142857
848 0.2857142857142857
906 0.2857142857142857
910 0.2857142857142857
968 0.2857142857142857
970 0.2857142857142857
44 0.2727272727272727
87 0.2727272727272727
94 0.2727272727272727
95 0.2727272727272727
107 0.2727272727272727
111 0.2727272727272727
123 0.2727272727272727
164 0.2727272727272727
183 0.2727272727272727
195 0.2727272727272727
205 0.2727272727272727
229 0.2727272727272727
238 0.2727272727272727
249 0.2727272727272727
260 0.2727272727272727
262 0.2727272727272727
276 0.2727272727272727
322 0.2727272727272727
425 0.2727272727272727
468 0.2727272727272727
478 0.2727272727272727
510 0.2727272727272727
556 0.2727272727272727
567 0.2727272727272727
587 0.2727272727272727
606 0.2727272727272727
615 0.2727272727272727
617 0.2727272727272727
620 0.2727272727272727
636 0.2727272727272727
678 0.2727272727272727
864 0.2727272727272727
872 0.2727272727272727
896 0.2727272727272727
947 0.2727272727272727
981 0.2727272727272727
984 0.2727272727272727
993 0.2727272727272727
994 0.2727272727272727
892 0.26666666666666666
21 0.25
22 0.25
23 0.25
28 0.25
33 0.25
40 0.25
41 0.25
65 0.25
66 0.25
72 0.25
89 0.25
124 0.25
125 0.25
128 0.25
136 0.25
138 0.25
152 0.25
157 0.25
162 0.25
166 0.25
199 0.25
209 0.25
215 0.25
219 0.25
233 0.25
235 0.25
246 0.25
