558 0.8333333333333334
526 0.8181818181818182
534 0.8
299 0.75
848 0.75
969 0.75
981 0.75
520 0.7
11 0.6666666666666666
146 0.6666666666666666
208 0.6666666666666666
357 0.6666666666666666
407 0.6666666666666666
438 0.6666666666666666
827 0.6666666666666666
850 0.6666666666666666
854 0.6666666666666666
914 0.6666666666666666
965 0.6666666666666666
97 0.6363636363636364
64 0.6
323 0.6
766 0.6
104 0.5714285714285714
276 0.5714285714285714
397 0.5714285714285714
720 0.5714285714285714
849 0.5714285714285714
991 0.5714285714285714
392 0.5555555555555556
12 0.5
21 0.5
113 0.5
232 0.5
265 0.5
266 0.5
328 0.5
582 0.5
596 0.5
673 0.5
703 0.5
719 0.5
728 0.5
761 0.5
768 0.5
910 0.5
924 0.5
934 0.5
989 0.5
193 0.46153846153846156
131 0.45454545454545453
428 0.45454545454545453
607 0.45454545454545453
224 0.4444444444444444
261 0.4444444444444444
262 0.4444444444444444
614 0.4444444444444444
722 0.4444444444444444
790 0.4444444444444444
980 0.4444444444444444
55 0.42857142857142855
70 0.42857142857142855
132 0.42857142857142855
176 0.42857142857142855
527 0.42857142857142855
573 0.42857142857142855
774 0.42857142857142855
821 0.42857142857142855
864 0.42857142857142855
923 0.42857142857142855
145 0.4
293 0.4
495 0.4
696 0.4
831 0.4
851 0.4
143 0.38461538461538464
47 0.375
56 0.375
73 0.375
74 0.375
78 0.375
82 0.375
98 0.375
102 0.375
129 0.375
173 0.375
425 0.375
433 0.375
452 0.375
483 0.375
492 0.375
668 0.375
713 0.375
793 0.375
820 0.375
22 0.36363636363636365
36 0.36363636363636365
218 0.36363636363636365
304 0.36363636363636365
595 0.36363636363636365
734 0.36363636363636365
901 0.36363636363636365
925 0.36363636363636365
939 0.36363636363636365
19 0.3333333333333333
24 0.3333333333333333
50 0.3333333333333333
57 0.3333333333333333
58 0.3333333333333333
71 0.3333333333333333
112 0.3333333333333333
123 0.3333333333333333
142 0.3333333333333333
211 0.3333333333333333
235 0.3333333333333333
258 0.3333333333333333
287 0.3333333333333333
302 0.3333333333333333
305 0.3333333333333333
316 0.3333333333333333
318 0.3333333333333333
329 0.3333333333333333
337 0.3333333333333333
338 0.3333333333333333
354 0.3333333333333333
359 0.3333333333333333
383 0.3333333333333333
393 0.3333333333333333
436 0.3333333333333333
442 0.3333333333333333
512 0.3333333333333333
513 0.3333333333333333
522 0.3333333333333333
530 0.3333333333333333
555 0.3333333333333333
560 0.3333333333333333
577 0.3333333333333333
586 0.3333333333333333
615 0.3333333333333333
681 0.3333333333333333
704 0.3333333333333333
717 0.3333333333333333
743 0.3333333333333333
808 0.3333333333333333
810 0.3333333333333333
816 0.3333333333333333
844 0.3333333333333333
847 0.3333333333333333
861 0.3333333333333333
867 0.3333333333333333
887 0.3333333333333333
952 0.3333333333333333
987 0.3333333333333333
8 0.3076923076923077
466 0.3076923076923077
502 0.3076923076923077
557 0.3076923076923077
594 0.3076923076923077
650 0.3076923076923077
688 0.3076923076923077
982 0.3076923076923077
26 0.3
31 0.3
83 0.3
93 0.3
165 0.3
166 0.3
168 0.3
190 0.3
195 0.3
200 0.3
206 0.3
274 0.3
277 0.3
291 0.3
324 0.3
356 0.3
364 0.3
381 0.3
440 0.3
444 0.3
446 0.3
458 0.3
464 0.3
489 0.3
514 0.3
583 0.3
587 0.3
667 0.3
700 0.3
711 0.3
749 0.3
807 0.3
890 0.3
936 0.3
938 0.3
942 0.3
947 0.3
959 0.3
961 0.3
979 0.3
986 0.3
152 0.2857142857142857
199 0.2857142857142857
244 0.2857142857142857
247 0.2857142857142857
311 0.2857142857142857
347 0.2857142857142857
375 0.2857142857142857
414 0.2857142857142857
456 0.2857142857142857
485 0.2857142857142857
491 0.2857142857142857
517 0.2857142857142857
663 0.2857142857142857
690 0.2857142857142857
718 0.2857142857142857
746 0.2857142857142857
773 0.2857142857142857
846 0.2857142857142857
868 0.2857142857142857
926 0.2857142857142857
955 0.2857142857142857
2 0.2727272727272727
20 0.2727272727272727
60 0.2727272727272727
65 0.2727272727272727
81 0.2727272727272727
85 0.2727272727272727
90 0.2727272727272727
107 0.2727272727272727
114 0.2727272727272727
133 0.2727272727272727
148 0.2727272727272727
172 0.2727272727272727
185 0.2727272727272727
210 0.2727272727272727
231 0.2727272727272727
288 0.2727272727272727
351 0.2727272727272727
370 0.2727272727272727
386 0.2727272727272727
409 0.2727272727272727
421 0.2727272727272727
422 0.2727272727272727
439 0.2727272727272727
443 0.2727272727272727
473 0.2727272727272727
499 0.2727272727272727
