158 1.0
312 1.0
130 0.875
824 0.875
459 0.8
534 0.8
729 0.8
786 0.8
820 0.8
906 0.8
521 0.7777777777777778
900 0.7777777777777778
15 0.75
17 0.75
50 0.75
126 0.75
134 0.75
271 0.75
363 0.75
370 0.75
693 0.75
752 0.75
916 0.75
773 0.7272727272727273
109 0.7
827 0.7
23 0.6666666666666666
34 0.6666666666666666
37 0.6666666666666666
41 0.6666666666666666
89 0.6666666666666666
162 0.6666666666666666
176 0.6666666666666666
204 0.6666666666666666
233 0.6666666666666666
306 0.6666666666666666
314 0.6666666666666666
357 0.6666666666666666
379 0.6666666666666666
421 0.6666666666666666
448 0.6666666666666666
464 0.6666666666666666
560 0.6666666666666666
576 0.6666666666666666
612 0.6666666666666666
682 0.6666666666666666
688 0.6666666666666666
740 0.6666666666666666
749 0.6666666666666666
753 0.6666666666666666
789 0.6666666666666666
917 0.6666666666666666
279 0.625
338 0.625
833 0.625
313 0.6
647 0.6
834 0.6
892 0.6
518 0.5833333333333334
84 0.5714285714285714
99 0.5714285714285714
161 0.5714285714285714
242 0.5714285714285714
321 0.5714285714285714
458 0.5714285714285714
506 0.5714285714285714
660 0.5714285714285714
721 0.5714285714285714
775 0.5714285714285714
842 0.5714285714285714
851 0.5714285714285714
10 0.5555555555555556
192 0.5555555555555556
531 0.5555555555555556
946 0.5555555555555556
28 0.5
35 0.5
36 0.5
64 0.5
72 0.5
118 0.5
122 0.5
143 0.5
147 0.5
150 0.5
198 0.5
236 0.5
273 0.5
322 0.5
340 0.5
351 0.5
364 0.5
372 0.5
378 0.5
399 0.5
401 0.5
432 0.5
454 0.5
467 0.5
511 0.5
525 0.5
630 0.5
642 0.5
654 0.5
698 0.5
702 0.5
707 0.5
726 0.5
732 0.5
741 0.5
790 0.5
791 0.5
818 0.5
843 0.5
866 0.5
888 0.5
934 0.5
944 0.5
959 0.5
973 0.5
975 0.5
658 0.45454545454545453
774 0.45454545454545453
800 0.45454545454545453
847 0.45454545454545453
9 0.4444444444444444
86 0.4444444444444444
148 0.4444444444444444
230 0.4444444444444444
298 0.4444444444444444
319 0.4444444444444444
326 0.4444444444444444
381 0.4444444444444444
433 0.4444444444444444
470 0.4444444444444444
491 0.4444444444444444
592 0.4444444444444444
653 0.4444444444444444
689 0.4444444444444444
706 0.4444444444444444
709 0.4444444444444444
719 0.4444444444444444
830 0.4444444444444444
854 0.4444444444444444
856 0.4444444444444444
857 0.4444444444444444
876 0.4444444444444444
877 0.4444444444444444
910 0.4444444444444444
945 0.4444444444444444
956 0.4444444444444444
957 0.4444444444444444
5 0.42857142857142855
31 0.42857142857142855
33 0.42857142857142855
91 0.42857142857142855
100 0.42857142857142855
187 0.42857142857142855
235 0.42857142857142855
248 0.42857142857142855
263 0.42857142857142855
274 0.42857142857142855
288 0.42857142857142855
344 0.42857142857142855
373 0.42857142857142855
419 0.42857142857142855
449 0.42857142857142855
476 0.42857142857142855
477 0.42857142857142855
480 0.42857142857142855
503 0.42857142857142855
548 0.42857142857142855
636 0.42857142857142855
641 0.42857142857142855
649 0.42857142857142855
652 0.42857142857142855
736 0.42857142857142855
771 0.42857142857142855
803 0.42857142857142855
810 0.42857142857142855
814 0.42857142857142855
819 0.42857142857142855
837 0.42857142857142855
911 0.42857142857142855
953 0.42857142857142855
964 0.42857142857142855
998 0.42857142857142855
686 0.4166666666666667
990 0.4166666666666667
13 0.4
77 0.4
78 0.4
132 0.4
138 0.4
190 0.4
191 0.4
220 0.4
294 0.4
334 0.4
396 0.4
427 0.4
428 0.4
461 0.4
463 0.4
465 0.4
483 0.4
508 0.4
522 0.4
575 0.4
581 0.4
613 0.4
648 0.4
662 0.4
671 0.4
674 0.4
696 0.4
714 0.4
780 0.4
787 0.4
903 0.4
930 0.4
935 0.4
943 0.4
963 0.4
813 0.38461538461538464
57 0.375
104 0.375
149 0.375
164 0.375
203 0.375
221 0.375
225 0.375
261 0.375
295 0.375
438 0.375
445 0.375
450 0.375
451 0.375
460 0.375
462 0.375
492 0.375
494 0.375
507 0.375
519 0.375
533 0.375
570 0.375
634 0.375
643 0.375
644 0.375
