966 0.8888888888888888
172 0.8333333333333334
654 0.8
761 0.7142857142857143
949 0.7142857142857143
213 0.7
27 0.6666666666666666
48 0.6666666666666666
148 0.6666666666666666
615 0.6666666666666666
620 0.6666666666666666
936 0.6666666666666666
441 0.6363636363636364
669 0.625
419 0.6
449 0.6
58 0.5714285714285714
302 0.5714285714285714
362 0.5714285714285714
394 0.5714285714285714
499 0.5714285714285714
506 0.5714285714285714
762 0.5714285714285714
769 0.5714285714285714
774 0.5714285714285714
820 0.5714285714285714
344 0.5454545454545454
45 0.5
49 0.5
147 0.5
159 0.5
227 0.5
241 0.5
242 0.5
268 0.5
406 0.5
457 0.5
534 0.5
676 0.5
763 0.5
799 0.5
875 0.5
905 0.5
354 0.45454545454545453
53 0.4444444444444444
56 0.4444444444444444
369 0.4444444444444444
400 0.4444444444444444
410 0.4444444444444444
581 0.4444444444444444
738 0.4444444444444444
939 0.4444444444444444
458 0.42857142857142855
639 0.42857142857142855
806 0.42857142857142855
809 0.42857142857142855
829 0.42857142857142855
954 0.42857142857142855
977 0.42857142857142855
563 0.4166666666666667
1 0.4
96 0.4
100 0.4
124 0.4
149 0.4
162 0.4
468 0.4
493 0.4
709 0.4
721 0.38461538461538464
16 0.375
73 0.375
342 0.375
455 0.375
465 0.375
585 0.375
675 0.375
713 0.375
719 0.375
783 0.375
876 0.375
906 0.375
922 0.375
945 0.375
36 0.36363636363636365
68 0.36363636363636365
221 0.36363636363636365
299 0.36363636363636365
376 0.36363636363636365
512 0.36363636363636365
539 0.36363636363636365
407 0.35714285714285715
852 0.35714285714285715
4 0.3333333333333333
6 0.3333333333333333
34 0.3333333333333333
44 0.3333333333333333
55 0.3333333333333333
59 0.3333333333333333
66 0.3333333333333333
86 0.3333333333333333
87 0.3333333333333333
112 0.3333333333333333
118 0.3333333333333333
121 0.3333333333333333
152 0.3333333333333333
153 0.3333333333333333
177 0.3333333333333333
194 0.3333333333333333
222 0.3333333333333333
231 0.3333333333333333
232 0.3333333333333333
238 0.3333333333333333
247 0.3333333333333333
253 0.3333333333333333
284 0.3333333333333333
298 0.3333333333333333
397 0.3333333333333333
401 0.3333333333333333
429 0.3333333333333333
483 0.3333333333333333
494 0.3333333333333333
496 0.3333333333333333
502 0.3333333333333333
511 0.3333333333333333
573 0.3333333333333333
603 0.3333333333333333
610 0.3333333333333333
633 0.3333333333333333
634 0.3333333333333333
649 0.3333333333333333
730 0.3333333333333333
749 0.3333333333333333
750 0.3333333333333333
754 0.3333333333333333
786 0.3333333333333333
818 0.3333333333333333
830 0.3333333333333333
840 0.3333333333333333
872 0.3333333333333333
913 0.3333333333333333
928 0.3333333333333333
932 0.3333333333333333
950 0.3333333333333333
962 0.3333333333333333
965 0.3333333333333333
349 0.3076923076923077
371 0.3076923076923077
509 0.3076923076923077
518 0.3076923076923077
978 0.3076923076923077
5 0.3
102 0.3
141 0.3
155 0.3
181 0.3
205 0.3
208 0.3
236 0.3
252 0.3
285 0.3
300 0.3
331 0.3
348 0.3
368 0.3
375 0.3
379 0.3
417 0.3
446 0.3
447 0.3
460 0.3
513 0.3
542 0.3
591 0.3
598 0.3
606 0.3
644 0.3
660 0.3
664 0.3
683 0.3
722 0.3
736 0.3
740 0.3
758 0.3
785 0.3
804 0.3
824 0.3
841 0.3
853 0.3
881 0.3
892 0.3
919 0.3
921 0.3
934 0.3
941 0.3
972 0.3
976 0.3
980 0.3
988 0.3
18 0.2857142857142857
65 0.2857142857142857
79 0.2857142857142857
175 0.2857142857142857
226 0.2857142857142857
235 0.2857142857142857
240 0.2857142857142857
244 0.2857142857142857
248 0.2857142857142857
265 0.2857142857142857
295 0.2857142857142857
301 0.2857142857142857
321 0.2857142857142857
337 0.2857142857142857
352 0.2857142857142857
365 0.2857142857142857
411 0.2857142857142857
442 0.2857142857142857
448 0.2857142857142857
476 0.2857142857142857
487 0.2857142857142857
489 0.2857142857142857
503 0.2857142857142857
527 0.2857142857142857
708 0.2857142857142857
735 0.2857142857142857
765 0.2857142857142857
780 0.2857142857142857
791 0.2857142857142857
834 0.2857142857142857
844 0.2857142857142857
895 0.2857142857142857
920 0.2857142857142857
948 0.2857142857142857
0 0.2727272727272727
17 0.2727272727272727
43 0.2727272727272727
50 0.2727272727272727
61 0.2727272727272727
88 0.2727272727272727
106 0.2727272727272727
144 0.2727272727272727
165 0.2727272727272727
173 0.2727272727272727
256 0.2727272727272727
283 0.2727272727272727
294 0.2727272727272727
330 0.2727272727272727
340 0.2727272727272727
366 0.2727272727272727
377 0.2727272727272727
