757 1.0
867 0.8571428571428571
564 0.8
566 0.8
599 0.8
697 0.8
407 0.7777777777777778
700 0.7777777777777778
520 0.75
642 0.75
670 0.75
855 0.75
442 0.6666666666666666
507 0.6666666666666666
555 0.6666666666666666
633 0.6666666666666666
761 0.6666666666666666
290 0.6363636363636364
232 0.625
640 0.6
729 0.6
19 0.5714285714285714
41 0.5714285714285714
92 0.5714285714285714
96 0.5714285714285714
259 0.5714285714285714
304 0.5714285714285714
457 0.5714285714285714
511 0.5714285714285714
513 0.5714285714285714
550 0.5714285714285714
743 0.5714285714285714
883 0.5714285714285714
924 0.5714285714285714
884 0.5555555555555556
662 0.5454545454545454
73 0.5
74 0.5
195 0.5
275 0.5
423 0.5
703 0.5
731 0.5
967 0.5
986 0.5
940 0.45454545454545453
60 0.4444444444444444
133 0.4444444444444444
136 0.4444444444444444
314 0.4444444444444444
329 0.4444444444444444
608 0.4444444444444444
636 0.4444444444444444
673 0.4444444444444444
791 0.4444444444444444
836 0.4444444444444444
837 0.4444444444444444
52 0.42857142857142855
79 0.42857142857142855
203 0.42857142857142855
282 0.42857142857142855
349 0.42857142857142855
493 0.42857142857142855
619 0.42857142857142855
881 0.42857142857142855
942 0.42857142857142855
976 0.42857142857142855
984 0.42857142857142855
721 0.4166666666666667
865 0.4166666666666667
137 0.4
312 0.4
369 0.4
541 0.4
708 0.4
751 0.4
758 0.4
770 0.4
818 0.4
873 0.4
982 0.4
125 0.375
175 0.375
198 0.375
297 0.375
306 0.375
347 0.375
348 0.375
429 0.375
451 0.375
454 0.375
458 0.375
486 0.375
701 0.375
740 0.375
783 0.375
793 0.375
862 0.375
885 0.375
886 0.375
904 0.375
912 0.375
964 0.375
5 0.36363636363636365
141 0.36363636363636365
280 0.36363636363636365
303 0.36363636363636365
557 0.36363636363636365
576 0.36363636363636365
683 0.35714285714285715
1 0.3333333333333333
4 0.3333333333333333
42 0.3333333333333333
47 0.3333333333333333
56 0.3333333333333333
66 0.3333333333333333
76 0.3333333333333333
82 0.3333333333333333
87 0.3333333333333333
132 0.3333333333333333
144 0.3333333333333333
168 0.3333333333333333
169 0.3333333333333333
183 0.3333333333333333
194 0.3333333333333333
215 0.3333333333333333
222 0.3333333333333333
223 0.3333333333333333
230 0.3333333333333333
279 0.3333333333333333
291 0.3333333333333333
293 0.3333333333333333
295 0.3333333333333333
296 0.3333333333333333
298 0.3333333333333333
301 0.3333333333333333
330 0.3333333333333333
337 0.3333333333333333
354 0.3333333333333333
362 0.3333333333333333
367 0.3333333333333333
445 0.3333333333333333
450 0.3333333333333333
462 0.3333333333333333
509 0.3333333333333333
554 0.3333333333333333
558 0.3333333333333333
574 0.3333333333333333
577 0.3333333333333333
583 0.3333333333333333
618 0.3333333333333333
730 0.3333333333333333
760 0.3333333333333333
768 0.3333333333333333
780 0.3333333333333333
788 0.3333333333333333
806 0.3333333333333333
812 0.3333333333333333
823 0.3333333333333333
860 0.3333333333333333
911 0.3333333333333333
928 0.3333333333333333
937 0.3333333333333333
971 0.3333333333333333
973 0.3333333333333333
988 0.3333333333333333
524 0.3076923076923077
631 0.3076923076923077
649 0.3076923076923077
680 0.3076923076923077
739 0.3076923076923077
842 0.3076923076923077
934 0.3076923076923077
955 0.3076923076923077
0 0.3
13 0.3
38 0.3
70 0.3
78 0.3
112 0.3
155 0.3
170 0.3
178 0.3
186 0.3
225 0.3
281 0.3
283 0.3
359 0.3
374 0.3
393 0.3
395 0.3
401 0.3
425 0.3
441 0.3
447 0.3
453 0.3
456 0.3
466 0.3
487 0.3
539 0.3
604 0.3
629 0.3
639 0.3
652 0.3
690 0.3
747 0.3
749 0.3
763 0.3
766 0.3
794 0.3
869 0.3
870 0.3
878 0.3
906 0.3
922 0.3
923 0.3
930 0.3
944 0.3
960 0.3
974 0.3
978 0.3
26 0.2857142857142857
30 0.2857142857142857
44 0.2857142857142857
54 0.2857142857142857
200 0.2857142857142857
206 0.2857142857142857
224 0.2857142857142857
258 0.2857142857142857
266 0.2857142857142857
284 0.2857142857142857
286 0.2857142857142857
289 0.2857142857142857
319 0.2857142857142857
333 0.2857142857142857
421 0.2857142857142857
469 0.2857142857142857
475 0.2857142857142857
480 0.2857142857142857
492 0.2857142857142857
500 0.2857142857142857
601 0.2857142857142857
621 0.2857142857142857
660 0.2857142857142857
718 0.2857142857142857
736 0.2857142857142857
802 0.2857142857142857
839 0.2857142857142857
856 0.2857142857142857
892 0.2857142857142857
