150 0.8888888888888888
735 0.8888888888888888
798 0.8
107 0.7777777777777778
140 0.7777777777777778
770 0.7777777777777778
989 0.7777777777777778
307 0.75
315 0.75
909 0.75
935 0.7142857142857143
104 0.6666666666666666
201 0.6666666666666666
238 0.6666666666666666
310 0.6666666666666666
369 0.6666666666666666
385 0.6666666666666666
429 0.6666666666666666
566 0.6666666666666666
630 0.6666666666666666
681 0.6666666666666666
759 0.6666666666666666
893 0.6666666666666666
984 0.6666666666666666
470 0.6363636363636364
78 0.6
145 0.6
294 0.6
410 0.6
524 0.6
870 0.6
9 0.5714285714285714
265 0.5714285714285714
447 0.5714285714285714
506 0.5714285714285714
597 0.5714285714285714
764 0.5714285714285714
987 0.5714285714285714
16 0.5555555555555556
5 0.5
167 0.5
195 0.5
269 0.5
270 0.5
274 0.5
344 0.5
457 0.5
516 0.5
666 0.5
695 0.5
768 0.5
328 0.45454545454545453
394 0.45454545454545453
352 0.4444444444444444
412 0.4444444444444444
413 0.4444444444444444
542 0.4444444444444444
562 0.4444444444444444
581 0.4444444444444444
624 0.4444444444444444
677 0.4444444444444444
763 0.4444444444444444
831 0.4444444444444444
918 0.4444444444444444
185 0.42857142857142855
314 0.42857142857142855
319 0.42857142857142855
514 0.42857142857142855
551 0.42857142857142855
675 0.42857142857142855
505 0.4166666666666667
740 0.4166666666666667
62 0.4
153 0.4
171 0.4
211 0.4
357 0.4
381 0.4
549 0.4
579 0.4
635 0.4
650 0.4
822 0.4
894 0.4
908 0.4
219 0.38461538461538464
765 0.38461538461538464
981 0.38461538461538464
73 0.375
99 0.375
251 0.375
267 0.375
330 0.375
509 0.375
512 0.375
528 0.375
580 0.375
659 0.375
682 0.375
701 0.375
702 0.375
705 0.375
731 0.375
754 0.375
815 0.375
861 0.375
871 0.375
29 0.36363636363636365
43 0.36363636363636365
127 0.36363636363636365
418 0.36363636363636365
639 0.36363636363636365
645 0.36363636363636365
680 0.36363636363636365
841 0.36363636363636365
862 0.36363636363636365
952 0.36363636363636365
224 0.35714285714285715
14 0.3333333333333333
37 0.3333333333333333
81 0.3333333333333333
83 0.3333333333333333
109 0.3333333333333333
141 0.3333333333333333
148 0.3333333333333333
169 0.3333333333333333
205 0.3333333333333333
210 0.3333333333333333
231 0.3333333333333333
260 0.3333333333333333
273 0.3333333333333333
305 0.3333333333333333
313 0.3333333333333333
332 0.3333333333333333
353 0.3333333333333333
358 0.3333333333333333
437 0.3333333333333333
449 0.3333333333333333
466 0.3333333333333333
479 0.3333333333333333
511 0.3333333333333333
518 0.3333333333333333
523 0.3333333333333333
527 0.3333333333333333
553 0.3333333333333333
570 0.3333333333333333
577 0.3333333333333333
604 0.3333333333333333
608 0.3333333333333333
678 0.3333333333333333
683 0.3333333333333333
699 0.3333333333333333
713 0.3333333333333333
750 0.3333333333333333
771 0.3333333333333333
776 0.3333333333333333
788 0.3333333333333333
812 0.3333333333333333
819 0.3333333333333333
830 0.3333333333333333
836 0.3333333333333333
869 0.3333333333333333
882 0.3333333333333333
887 0.3333333333333333
931 0.3333333333333333
998 0.3333333333333333
108 0.3076923076923077
196 0.3076923076923077
741 0.3076923076923077
886 0.3076923076923077
13 0.3
45 0.3
47 0.3
63 0.3
74 0.3
76 0.3
111 0.3
117 0.3
135 0.3
234 0.3
236 0.3
239 0.3
275 0.3
278 0.3
283 0.3
285 0.3
295 0.3
391 0.3
414 0.3
415 0.3
424 0.3
463 0.3
488 0.3
521 0.3
637 0.3
643 0.3
648 0.3
656 0.3
660 0.3
693 0.3
715 0.3
732 0.3
855 0.3
885 0.3
901 0.3
905 0.3
944 0.3
949 0.3
0 0.2857142857142857
60 0.2857142857142857
144 0.2857142857142857
146 0.2857142857142857
157 0.2857142857142857
199 0.2857142857142857
235 0.2857142857142857
244 0.2857142857142857
257 0.2857142857142857
263 0.2857142857142857
302 0.2857142857142857
323 0.2857142857142857
350 0.2857142857142857
355 0.2857142857142857
392 0.2857142857142857
432 0.2857142857142857
452 0.2857142857142857
458 0.2857142857142857
467 0.2857142857142857
484 0.2857142857142857
507 0.2857142857142857
564 0.2857142857142857
568 0.2857142857142857
779 0.2857142857142857
781 0.2857142857142857
806 0.2857142857142857
884 0.2857142857142857
903 0.2857142857142857
906 0.2857142857142857
911 0.2857142857142857
23 0.2727272727272727
102 0.2727272727272727
131 0.2727272727272727
134 0.2727272727272727
180 0.2727272727272727
184 0.2727272727272727
187 0.2727272727272727
191 0.2727272727272727
223 0.2727272727272727
229 0.2727272727272727
258 0.2727272727272727
259 0.2727272727272727
