525 1.0
988 0.8888888888888888
188 0.875
572 0.875
963 0.8333333333333334
515 0.8
524 0.8
829 0.75
923 0.75
58 0.7142857142857143
166 0.7142857142857143
172 0.7142857142857143
355 0.7142857142857143
700 0.7142857142857143
997 0.7142857142857143
470 0.7
634 0.7
95 0.6666666666666666
150 0.6666666666666666
223 0.6666666666666666
327 0.6666666666666666
329 0.6666666666666666
335 0.6666666666666666
395 0.6666666666666666
434 0.6666666666666666
453 0.6666666666666666
486 0.6666666666666666
530 0.6666666666666666
564 0.6666666666666666
818 0.6666666666666666
317 0.625
433 0.625
295 0.6
21 0.5714285714285714
40 0.5714285714285714
48 0.5714285714285714
52 0.5714285714285714
57 0.5714285714285714
73 0.5714285714285714
281 0.5714285714285714
284 0.5714285714285714
292 0.5714285714285714
294 0.5714285714285714
303 0.5714285714285714
309 0.5714285714285714
331 0.5714285714285714
416 0.5714285714285714
482 0.5714285714285714
502 0.5714285714285714
518 0.5714285714285714
578 0.5714285714285714
597 0.5714285714285714
734 0.5714285714285714
768 0.5714285714285714
778 0.5714285714285714
893 0.5714285714285714
930 0.5714285714285714
991 0.5714285714285714
31 0.5555555555555556
177 0.5555555555555556
239 0.5555555555555556
338 0.5555555555555556
589 0.5555555555555556
658 0.5555555555555556
724 0.5555555555555556
496 0.5454545454545454
662 0.5454545454545454
8 0.5
30 0.5
33 0.5
47 0.5
56 0.5
63 0.5
71 0.5
117 0.5
123 0.5
137 0.5
138 0.5
182 0.5
185 0.5
186 0.5
196 0.5
210 0.5
255 0.5
258 0.5
312 0.5
328 0.5
346 0.5
364 0.5
388 0.5
444 0.5
454 0.5
466 0.5
484 0.5
494 0.5
504 0.5
532 0.5
546 0.5
553 0.5
612 0.5
656 0.5
661 0.5
686 0.5
702 0.5
706 0.5
719 0.5
776 0.5
882 0.5
884 0.5
890 0.5
903 0.5
918 0.5
919 0.5
982 0.5
986 0.5
265 0.45454545454545453
122 0.4444444444444444
129 0.4444444444444444
180 0.4444444444444444
213 0.4444444444444444
228 0.4444444444444444
262 0.4444444444444444
285 0.4444444444444444
297 0.4444444444444444
344 0.4444444444444444
373 0.4444444444444444
382 0.4444444444444444
442 0.4444444444444444
463 0.4444444444444444
535 0.4444444444444444
538 0.4444444444444444
681 0.4444444444444444
694 0.4444444444444444
800 0.4444444444444444
851 0.4444444444444444
854 0.4444444444444444
881 0.4444444444444444
888 0.4444444444444444
909 0.4444444444444444
914 0.4444444444444444
928 0.4444444444444444
947 0.4444444444444444
28 0.42857142857142855
34 0.42857142857142855
77 0.42857142857142855
124 0.42857142857142855
134 0.42857142857142855
187 0.42857142857142855
290 0.42857142857142855
316 0.42857142857142855
336 0.42857142857142855
339 0.42857142857142855
352 0.42857142857142855
379 0.42857142857142855
381 0.42857142857142855
387 0.42857142857142855
403 0.42857142857142855
404 0.42857142857142855
413 0.42857142857142855
452 0.42857142857142855
477 0.42857142857142855
556 0.42857142857142855
591 0.42857142857142855
649 0.42857142857142855
670 0.42857142857142855
690 0.42857142857142855
695 0.42857142857142855
699 0.42857142857142855
721 0.42857142857142855
731 0.42857142857142855
771 0.42857142857142855
906 0.42857142857142855
907 0.42857142857142855
912 0.42857142857142855
921 0.42857142857142855
964 0.42857142857142855
627 0.4166666666666667
951 0.4166666666666667
51 0.4
64 0.4
80 0.4
101 0.4
147 0.4
171 0.4
266 0.4
330 0.4
370 0.4
378 0.4
467 0.4
476 0.4
479 0.4
508 0.4
549 0.4
579 0.4
619 0.4
629 0.4
643 0.4
722 0.4
759 0.4
772 0.4
784 0.4
786 0.4
821 0.4
864 0.4
895 0.4
718 0.38461538461538464
966 0.38461538461538464
6 0.375
14 0.375
22 0.375
26 0.375
53 0.375
87 0.375
99 0.375
139 0.375
158 0.375
193 0.375
205 0.375
216 0.375
219 0.375
279 0.375
311 0.375
319 0.375
384 0.375
386 0.375
406 0.375
408 0.375
432 0.375
437 0.375
471 0.375
542 0.375
565 0.375
566 0.375
594 0.375
620 0.375
628 0.375
650 0.375
672 0.375
696 0.375
752 0.375
754 0.375
765 0.375
781 0.375
792 0.375
810 0.375
879 0.375
900 0.375
943 0.375
950 0.375
975 0.375
