200 1.0
374 1.0
716 0.8571428571428571
84 0.8333333333333334
274 0.8181818181818182
197 0.75
903 0.75
70 0.7272727272727273
295 0.7272727272727273
330 0.7
62 0.6666666666666666
154 0.6666666666666666
201 0.6666666666666666
437 0.6666666666666666
463 0.6666666666666666
473 0.6666666666666666
711 0.6666666666666666
723 0.6666666666666666
729 0.6666666666666666
172 0.625
506 0.6
554 0.6
823 0.6
919 0.6
101 0.5714285714285714
126 0.5714285714285714
228 0.5714285714285714
381 0.5714285714285714
385 0.5714285714285714
453 0.5714285714285714
516 0.5714285714285714
556 0.5714285714285714
702 0.5714285714285714
757 0.5714285714285714
906 0.5714285714285714
934 0.5714285714285714
981 0.5714285714285714
250 0.5454545454545454
6 0.5
107 0.5
127 0.5
135 0.5
194 0.5
208 0.5
271 0.5
298 0.5
427 0.5
459 0.5
526 0.5
647 0.5
674 0.5
746 0.5
751 0.5
816 0.5
819 0.5
849 0.5
30 0.4444444444444444
302 0.4444444444444444
370 0.4444444444444444
452 0.4444444444444444
505 0.4444444444444444
527 0.4444444444444444
672 0.4444444444444444
677 0.4444444444444444
789 0.4444444444444444
804 0.4444444444444444
870 0.4444444444444444
947 0.4444444444444444
133 0.42857142857142855
217 0.42857142857142855
410 0.42857142857142855
469 0.42857142857142855
477 0.42857142857142855
818 0.42857142857142855
854 0.42857142857142855
169 0.4166666666666667
145 0.4
159 0.4
160 0.4
165 0.4
177 0.4
337 0.4
442 0.4
679 0.4
810 0.4
853 0.4
975 0.4
995 0.4
450 0.38461538461538464
744 0.38461538461538464
21 0.375
35 0.375
106 0.375
178 0.375
273 0.375
391 0.375
465 0.375
539 0.375
551 0.375
601 0.375
624 0.375
634 0.375
646 0.375
659 0.375
663 0.375
720 0.375
793 0.375
840 0.375
875 0.375
916 0.375
359 0.36363636363636365
419 0.36363636363636365
448 0.36363636363636365
577 0.36363636363636365
643 0.36363636363636365
651 0.36363636363636365
692 0.36363636363636365
700 0.36363636363636365
895 0.36363636363636365
998 0.36363636363636365
11 0.3333333333333333
43 0.3333333333333333
52 0.3333333333333333
77 0.3333333333333333
83 0.3333333333333333
94 0.3333333333333333
113 0.3333333333333333
118 0.3333333333333333
138 0.3333333333333333
139 0.3333333333333333
149 0.3333333333333333
162 0.3333333333333333
180 0.3333333333333333
188 0.3333333333333333
190 0.3333333333333333
247 0.3333333333333333
248 0.3333333333333333
254 0.3333333333333333
293 0.3333333333333333
296 0.3333333333333333
297 0.3333333333333333
310 0.3333333333333333
335 0.3333333333333333
420 0.3333333333333333
428 0.3333333333333333
441 0.3333333333333333
462 0.3333333333333333
464 0.3333333333333333
485 0.3333333333333333
491 0.3333333333333333
498 0.3333333333333333
512 0.3333333333333333
514 0.3333333333333333
561 0.3333333333333333
566 0.3333333333333333
583 0.3333333333333333
584 0.3333333333333333
609 0.3333333333333333
620 0.3333333333333333
681 0.3333333333333333
708 0.3333333333333333
732 0.3333333333333333
742 0.3333333333333333
758 0.3333333333333333
763 0.3333333333333333
896 0.3333333333333333
912 0.3333333333333333
930 0.3333333333333333
935 0.3333333333333333
950 0.3333333333333333
952 0.3333333333333333
958 0.3333333333333333
962 0.3333333333333333
980 0.3333333333333333
997 0.3333333333333333
142 0.3076923076923077
456 0.3076923076923077
511 0.3076923076923077
529 0.3076923076923077
619 0.3076923076923077
780 0.3076923076923077
788 0.3076923076923077
886 0.3076923076923077
991 0.3076923076923077
13 0.3
48 0.3
81 0.3
129 0.3
168 0.3
170 0.3
187 0.3
213 0.3
234 0.3
238 0.3
269 0.3
291 0.3
331 0.3
333 0.3
362 0.3
383 0.3
402 0.3
408 0.3
421 0.3
510 0.3
519 0.3
530 0.3
546 0.3
590 0.3
610 0.3
650 0.3
703 0.3
705 0.3
734 0.3
771 0.3
781 0.3
824 0.3
860 0.3
894 0.3
955 0.3
982 0.3
992 0.3
9 0.2857142857142857
99 0.2857142857142857
130 0.2857142857142857
153 0.2857142857142857
176 0.2857142857142857
189 0.2857142857142857
252 0.2857142857142857
258 0.2857142857142857
262 0.2857142857142857
343 0.2857142857142857
344 0.2857142857142857
345 0.2857142857142857
373 0.2857142857142857
399 0.2857142857142857
412 0.2857142857142857
460 0.2857142857142857
513 0.2857142857142857
524 0.2857142857142857
536 0.2857142857142857
542 0.2857142857142857
557 0.2857142857142857
565 0.2857142857142857
576 0.2857142857142857
587 0.2857142857142857
640 0.2857142857142857
642 0.2857142857142857
694 0.2857142857142857
696 0.2857142857142857
731 0.2857142857142857
