872 1.0
874 0.9
967 0.9
427 0.8888888888888888
67 0.875
113 0.875
787 0.875
308 0.8571428571428571
892 0.8571428571428571
200 0.8333333333333334
487 0.8333333333333334
844 0.8181818181818182
60 0.8
146 0.8
575 0.8
640 0.8
663 0.8
726 0.8
943 0.8
794 0.7777777777777778
197 0.75
461 0.75
496 0.75
674 0.75
611 0.7272727272727273
641 0.7272727272727273
13 0.7142857142857143
601 0.7142857142857143
834 0.7142857142857143
690 0.7
1 0.6666666666666666
149 0.6666666666666666
181 0.6666666666666666
234 0.6666666666666666
241 0.6666666666666666
481 0.6666666666666666
547 0.6666666666666666
589 0.6666666666666666
643 0.6666666666666666
657 0.6666666666666666
740 0.6666666666666666
824 0.6666666666666666
830 0.6666666666666666
959 0.6666666666666666
979 0.6666666666666666
336 0.6363636363636364
586 0.625
619 0.625
646 0.625
9 0.6
174 0.6
191 0.6
705 0.6
913 0.6
938 0.6
886 0.5833333333333334
104 0.5714285714285714
185 0.5714285714285714
236 0.5714285714285714
239 0.5714285714285714
250 0.5714285714285714
294 0.5714285714285714
307 0.5714285714285714
315 0.5714285714285714
323 0.5714285714285714
347 0.5714285714285714
349 0.5714285714285714
426 0.5714285714285714
453 0.5714285714285714
459 0.5714285714285714
508 0.5714285714285714
555 0.5714285714285714
581 0.5714285714285714
637 0.5714285714285714
660 0.5714285714285714
694 0.5714285714285714
752 0.5714285714285714
994 0.5714285714285714
223 0.5555555555555556
713 0.5555555555555556
659 0.5454545454545454
871 0.5454545454545454
7 0.5
39 0.5
103 0.5
118 0.5
121 0.5
145 0.5
160 0.5
187 0.5
209 0.5
217 0.5
252 0.5
272 0.5
283 0.5
344 0.5
357 0.5
365 0.5
369 0.5
401 0.5
407 0.5
432 0.5
442 0.5
471 0.5
490 0.5
527 0.5
556 0.5
576 0.5
609 0.5
624 0.5
630 0.5
670 0.5
728 0.5
760 0.5
761 0.5
786 0.5
788 0.5
828 0.5
838 0.5
869 0.5
901 0.5
906 0.5
927 0.5
936 0.5
948 0.5
962 0.5
968 0.5
127 0.4444444444444444
162 0.4444444444444444
184 0.4444444444444444
210 0.4444444444444444
212 0.4444444444444444
216 0.4444444444444444
238 0.4444444444444444
298 0.4444444444444444
342 0.4444444444444444
430 0.4444444444444444
561 0.4444444444444444
638 0.4444444444444444
668 0.4444444444444444
746 0.4444444444444444
819 0.4444444444444444
839 0.4444444444444444
866 0.4444444444444444
910 0.4444444444444444
941 0.4444444444444444
951 0.4444444444444444
983 0.4444444444444444
34 0.42857142857142855
59 0.42857142857142855
106 0.42857142857142855
134 0.42857142857142855
136 0.42857142857142855
137 0.42857142857142855
230 0.42857142857142855
264 0.42857142857142855
295 0.42857142857142855
324 0.42857142857142855
448 0.42857142857142855
475 0.42857142857142855
492 0.42857142857142855
557 0.42857142857142855
570 0.42857142857142855
572 0.42857142857142855
600 0.42857142857142855
680 0.42857142857142855
769 0.42857142857142855
779 0.42857142857142855
810 0.42857142857142855
823 0.42857142857142855
873 0.42857142857142855
937 0.42857142857142855
939 0.42857142857142855
985 0.42857142857142855
990 0.42857142857142855
456 0.4166666666666667
457 0.4166666666666667
6 0.4
14 0.4
52 0.4
83 0.4
105 0.4
125 0.4
161 0.4
164 0.4
244 0.4
300 0.4
311 0.4
326 0.4
392 0.4
425 0.4
469 0.4
524 0.4
526 0.4
599 0.4
633 0.4
765 0.4
771 0.4
781 0.4
789 0.4
801 0.4
863 0.4
879 0.4
969 0.4
110 0.38461538461538464
3 0.375
17 0.375
20 0.375
73 0.375
82 0.375
101 0.375
122 0.375
138 0.375
153 0.375
182 0.375
208 0.375
214 0.375
228 0.375
341 0.375
386 0.375
419 0.375
433 0.375
435 0.375
439 0.375
449 0.375
464 0.375
485 0.375
521 0.375
532 0.375
533 0.375
544 0.375
551 0.375
567 0.375
585 0.375
588 0.375
669 0.375
681 0.375
692 0.375
695 0.375
734 0.375
741 0.375
756 0.375
772 0.375
815 0.375
816 0.375
851 0.375
857 0.375
860 0.375
878 0.375
946 0.375
