367 1.0
968 1.0
960 0.8888888888888888
220 0.8571428571428571
442 0.8571428571428571
126 0.8
153 0.8
841 0.8
21 0.7777777777777778
534 0.7777777777777778
630 0.7777777777777778
788 0.7777777777777778
402 0.75
643 0.75
861 0.75
425 0.7142857142857143
517 0.7142857142857143
99 0.7
211 0.7
686 0.7
18 0.6666666666666666
45 0.6666666666666666
50 0.6666666666666666
56 0.6666666666666666
227 0.6666666666666666
310 0.6666666666666666
404 0.6666666666666666
417 0.6666666666666666
418 0.6666666666666666
506 0.6666666666666666
518 0.6666666666666666
556 0.6666666666666666
559 0.6666666666666666
565 0.6666666666666666
579 0.6666666666666666
593 0.6666666666666666
684 0.6666666666666666
702 0.6666666666666666
726 0.6666666666666666
730 0.6666666666666666
769 0.6666666666666666
802 0.6666666666666666
807 0.6666666666666666
842 0.6666666666666666
857 0.6666666666666666
859 0.6666666666666666
916 0.6666666666666666
921 0.6666666666666666
930 0.6666666666666666
528 0.6363636363636364
854 0.6363636363636364
429 0.625
757 0.625
247 0.6
82 0.5714285714285714
87 0.5714285714285714
104 0.5714285714285714
112 0.5714285714285714
136 0.5714285714285714
329 0.5714285714285714
334 0.5714285714285714
348 0.5714285714285714
360 0.5714285714285714
365 0.5714285714285714
423 0.5714285714285714
452 0.5714285714285714
473 0.5714285714285714
491 0.5714285714285714
558 0.5714285714285714
566 0.5714285714285714
574 0.5714285714285714
594 0.5714285714285714
617 0.5714285714285714
638 0.5714285714285714
642 0.5714285714285714
672 0.5714285714285714
711 0.5714285714285714
722 0.5714285714285714
733 0.5714285714285714
746 0.5714285714285714
764 0.5714285714285714
767 0.5714285714285714
770 0.5714285714285714
775 0.5714285714285714
844 0.5714285714285714
849 0.5714285714285714
896 0.5714285714285714
935 0.5714285714285714
870 0.5454545454545454
1 0.5
78 0.5
108 0.5
111 0.5
124 0.5
144 0.5
146 0.5
165 0.5
198 0.5
209 0.5
217 0.5
252 0.5
275 0.5
289 0.5
291 0.5
297 0.5
333 0.5
381 0.5
395 0.5
434 0.5
457 0.5
460 0.5
472 0.5
475 0.5
487 0.5
488 0.5
522 0.5
647 0.5
692 0.5
717 0.5
728 0.5
755 0.5
793 0.5
833 0.5
888 0.5
898 0.5
906 0.5
913 0.5
936 0.5
943 0.5
0 0.45454545454545453
137 0.45454545454545453
3 0.4444444444444444
8 0.4444444444444444
9 0.4444444444444444
51 0.4444444444444444
166 0.4444444444444444
226 0.4444444444444444
271 0.4444444444444444
299 0.4444444444444444
327 0.4444444444444444
407 0.4444444444444444
411 0.4444444444444444
508 0.4444444444444444
548 0.4444444444444444
592 0.4444444444444444
646 0.4444444444444444
715 0.4444444444444444
724 0.4444444444444444
737 0.4444444444444444
750 0.4444444444444444
752 0.4444444444444444
821 0.4444444444444444
862 0.4444444444444444
941 0.4444444444444444
965 0.4444444444444444
975 0.4444444444444444
993 0.4444444444444444
76 0.42857142857142855
121 0.42857142857142855
125 0.42857142857142855
169 0.42857142857142855
177 0.42857142857142855
182 0.42857142857142855
214 0.42857142857142855
234 0.42857142857142855
242 0.42857142857142855
265 0.42857142857142855
290 0.42857142857142855
294 0.42857142857142855
338 0.42857142857142855
358 0.42857142857142855
362 0.42857142857142855
397 0.42857142857142855
427 0.42857142857142855
441 0.42857142857142855
468 0.42857142857142855
469 0.42857142857142855
523 0.42857142857142855
542 0.42857142857142855
606 0.42857142857142855
729 0.42857142857142855
748 0.42857142857142855
771 0.42857142857142855
791 0.42857142857142855
797 0.42857142857142855
803 0.42857142857142855
825 0.42857142857142855
853 0.42857142857142855
900 0.42857142857142855
917 0.42857142857142855
927 0.42857142857142855
963 0.42857142857142855
634 0.4166666666666667
716 0.4166666666666667
814 0.4166666666666667
63 0.4
77 0.4
173 0.4
184 0.4
201 0.4
216 0.4
258 0.4
261 0.4
264 0.4
280 0.4
302 0.4
309 0.4
316 0.4
376 0.4
377 0.4
439 0.4
462 0.4
465 0.4
481 0.4
509 0.4
561 0.4
577 0.4
590 0.4
615 0.4
633 0.4
655 0.4
765 0.4
772 0.4
785 0.4
813 0.4
858 0.4
868 0.4
882 0.4
924 0.4
998 0.4
11 0.375
34 0.375
41 0.375
66 0.375
95 0.375
162 0.375
176 0.375
269 0.375
278 0.375
293 0.375
308 0.375
313 0.375
340 0.375
353 0.375
383 0.375
390 0.375
414 0.375
430 0.375
448 0.375
449 0.375
