428 0.8571428571428571
995 0.7
750 0.6666666666666666
374 0.5714285714285714
562 0.5714285714285714
723 0.5714285714285714
949 0.5454545454545454
433 0.5
492 0.5
520 0.5
678 0.5
730 0.5
759 0.5
865 0.46153846153846156
480 0.4444444444444444
529 0.4444444444444444
704 0.4444444444444444
827 0.4444444444444444
916 0.4444444444444444
608 0.42857142857142855
622 0.42857142857142855
646 0.42857142857142855
722 0.42857142857142855
748 0.42857142857142855
581 0.4
791 0.4
18 0.375
66 0.375
355 0.375
366 0.375
744 0.375
821 0.375
883 0.375
294 0.36363636363636365
326 0.36363636363636365
338 0.36363636363636365
518 0.36363636363636365
769 0.36363636363636365
94 0.3333333333333333
194 0.3333333333333333
220 0.3333333333333333
266 0.3333333333333333
267 0.3333333333333333
270 0.3333333333333333
293 0.3333333333333333
344 0.3333333333333333
371 0.3333333333333333
488 0.3333333333333333
543 0.3333333333333333
577 0.3333333333333333
599 0.3333333333333333
601 0.3333333333333333
866 0.3333333333333333
922 0.3333333333333333
959 0.3333333333333333
985 0.3333333333333333
513 0.3076923076923077
32 0.3
56 0.3
130 0.3
141 0.3
160 0.3
184 0.3
213 0.3
223 0.3
311 0.3
341 0.3
353 0.3
401 0.3
546 0.3
560 0.3
604 0.3
609 0.3
641 0.3
683 0.3
694 0.3
698 0.3
727 0.3
756 0.3
762 0.3
863 0.3
895 0.3
938 0.3
968 0.3
996 0.3
11 0.2857142857142857
42 0.2857142857142857
77 0.2857142857142857
85 0.2857142857142857
118 0.2857142857142857
214 0.2857142857142857
248 0.2857142857142857
260 0.2857142857142857
263 0.2857142857142857
269 0.2857142857142857
274 0.2857142857142857
339 0.2857142857142857
349 0.2857142857142857
362 0.2857142857142857
393 0.2857142857142857
403 0.2857142857142857
439 0.2857142857142857
445 0.2857142857142857
506 0.2857142857142857
523 0.2857142857142857
552 0.2857142857142857
584 0.2857142857142857
611 0.2857142857142857
788 0.2857142857142857
887 0.2857142857142857
931 0.2857142857142857
6 0.2727272727272727
10 0.2727272727272727
29 0.2727272727272727
46 0.2727272727272727
101 0.2727272727272727
180 0.2727272727272727
241 0.2727272727272727
243 0.2727272727272727
247 0.2727272727272727
273 0.2727272727272727
280 0.2727272727272727
317 0.2727272727272727
318 0.2727272727272727
331 0.2727272727272727
343 0.2727272727272727
363 0.2727272727272727
370 0.2727272727272727
392 0.2727272727272727
419 0.2727272727272727
424 0.2727272727272727
430 0.2727272727272727
458 0.2727272727272727
473 0.2727272727272727
477 0.2727272727272727
500 0.2727272727272727
511 0.2727272727272727
527 0.2727272727272727
613 0.2727272727272727
645 0.2727272727272727
700 0.2727272727272727
772 0.2727272727272727
796 0.2727272727272727
799 0.2727272727272727
830 0.2727272727272727
846 0.2727272727272727
861 0.2727272727272727
873 0.2727272727272727
962 0.2727272727272727
975 0.2727272727272727
983 0.2727272727272727
987 0.2727272727272727
993 0.2727272727272727
998 0.2727272727272727
261 0.26666666666666666
474 0.26666666666666666
17 0.25
43 0.25
54 0.25
78 0.25
79 0.25
83 0.25
92 0.25
108 0.25
138 0.25
183 0.25
191 0.25
192 0.25
205 0.25
216 0.25
222 0.25
229 0.25
268 0.25
292 0.25
307 0.25
313 0.25
328 0.25
333 0.25
356 0.25
357 0.25
358 0.25
378 0.25
381 0.25
438 0.25
469 0.25
481 0.25
494 0.25
502 0.25
559 0.25
561 0.25
563 0.25
567 0.25
574 0.25
585 0.25
629 0.25
665 0.25
667 0.25
680 0.25
701 0.25
705 0.25
712 0.25
717 0.25
721 0.25
729 0.25
761 0.25
779 0.25
780 0.25
795 0.25
801 0.25
809 0.25
814 0.25
822 0.25
826 0.25
854 0.25
856 0.25
872 0.25
911 0.25
933 0.25
937 0.25
951 0.25
953 0.25
954 0.25
956 0.25
958 0.25
989 0.25
997 0.25
128 0.23529411764705882
134 0.23529411764705882
7 0.23076923076923078
39 0.23076923076923078
57 0.23076923076923078
73 0.23076923076923078
74 0.23076923076923078
81 0.23076923076923078
93 0.23076923076923078
200 0.23076923076923078
238 0.23076923076923078
304 0.23076923076923078
320 0.23076923076923078
340 0.23076923076923078
442 0.23076923076923078
455 0.23076923076923078
516 0.23076923076923078
531 0.23076923076923078
536 0.23076923076923078
541 0.23076923076923078
564 0.23076923076923078
565 0.23076923076923078
571 0.23076923076923078
600 0.23076923076923078
