263 0.8333333333333334
101 0.8181818181818182
552 0.7777777777777778
526 0.75
712 0.75
593 0.7272727272727273
44 0.7142857142857143
94 0.7142857142857143
38 0.6666666666666666
81 0.6666666666666666
90 0.6666666666666666
270 0.6666666666666666
336 0.6666666666666666
478 0.6666666666666666
485 0.6666666666666666
564 0.6666666666666666
688 0.6666666666666666
731 0.6666666666666666
877 0.6666666666666666
909 0.6666666666666666
918 0.6666666666666666
826 0.6
888 0.6
916 0.6
471 0.5833333333333334
759 0.5833333333333334
83 0.5714285714285714
246 0.5714285714285714
316 0.5714285714285714
343 0.5714285714285714
346 0.5714285714285714
359 0.5714285714285714
382 0.5714285714285714
414 0.5714285714285714
436 0.5714285714285714
445 0.5714285714285714
469 0.5714285714285714
506 0.5714285714285714
530 0.5714285714285714
670 0.5714285714285714
692 0.5714285714285714
747 0.5714285714285714
755 0.5714285714285714
829 0.5714285714285714
840 0.5714285714285714
843 0.5714285714285714
844 0.5714285714285714
324 0.5555555555555556
393 0.5555555555555556
442 0.5555555555555556
791 0.5555555555555556
902 0.5555555555555556
574 0.5454545454545454
107 0.5
123 0.5
129 0.5
155 0.5
278 0.5
291 0.5
369 0.5
397 0.5
431 0.5
594 0.5
621 0.5
933 0.5
971 0.5
67 0.4444444444444444
92 0.4444444444444444
103 0.4444444444444444
117 0.4444444444444444
154 0.4444444444444444
424 0.4444444444444444
450 0.4444444444444444
490 0.4444444444444444
492 0.4444444444444444
580 0.4444444444444444
609 0.4444444444444444
611 0.4444444444444444
647 0.4444444444444444
729 0.4444444444444444
885 0.4444444444444444
905 0.4444444444444444
923 0.4444444444444444
988 0.4444444444444444
58 0.42857142857142855
77 0.42857142857142855
89 0.42857142857142855
301 0.42857142857142855
322 0.42857142857142855
379 0.42857142857142855
577 0.42857142857142855
587 0.42857142857142855
728 0.42857142857142855
802 0.42857142857142855
958 0.42857142857142855
298 0.4166666666666667
475 0.4166666666666667
726 0.4166666666666667
45 0.4
105 0.4
142 0.4
177 0.4
358 0.4
410 0.4
513 0.4
576 0.4
733 0.4
745 0.4
754 0.4
757 0.4
782 0.4
784 0.4
867 0.4
968 0.4
409 0.38461538461538464
76 0.375
85 0.375
143 0.375
181 0.375
183 0.375
280 0.375
304 0.375
305 0.375
310 0.375
404 0.375
412 0.375
434 0.375
435 0.375
511 0.375
575 0.375
595 0.375
662 0.375
697 0.375
703 0.375
730 0.375
736 0.375
737 0.375
770 0.375
783 0.375
787 0.375
861 0.375
893 0.375
920 0.375
927 0.375
930 0.375
939 0.375
951 0.375
178 0.36363636363636365
216 0.36363636363636365
240 0.36363636363636365
375 0.36363636363636365
479 0.36363636363636365
505 0.36363636363636365
545 0.36363636363636365
585 0.36363636363636365
812 0.36363636363636365
947 0.36363636363636365
29 0.3333333333333333
48 0.3333333333333333
59 0.3333333333333333
63 0.3333333333333333
64 0.3333333333333333
71 0.3333333333333333
86 0.3333333333333333
160 0.3333333333333333
164 0.3333333333333333
169 0.3333333333333333
172 0.3333333333333333
198 0.3333333333333333
202 0.3333333333333333
229 0.3333333333333333
254 0.3333333333333333
259 0.3333333333333333
265 0.3333333333333333
275 0.3333333333333333
281 0.3333333333333333
282 0.3333333333333333
314 0.3333333333333333
318 0.3333333333333333
334 0.3333333333333333
366 0.3333333333333333
398 0.3333333333333333
418 0.3333333333333333
443 0.3333333333333333
449 0.3333333333333333
486 0.3333333333333333
493 0.3333333333333333
498 0.3333333333333333
508 0.3333333333333333
521 0.3333333333333333
547 0.3333333333333333
563 0.3333333333333333
592 0.3333333333333333
600 0.3333333333333333
615 0.3333333333333333
628 0.3333333333333333
634 0.3333333333333333
636 0.3333333333333333
663 0.3333333333333333
667 0.3333333333333333
671 0.3333333333333333
674 0.3333333333333333
678 0.3333333333333333
698 0.3333333333333333
699 0.3333333333333333
732 0.3333333333333333
739 0.3333333333333333
751 0.3333333333333333
778 0.3333333333333333
780 0.3333333333333333
790 0.3333333333333333
796 0.3333333333333333
799 0.3333333333333333
804 0.3333333333333333
806 0.3333333333333333
821 0.3333333333333333
836 0.3333333333333333
845 0.3333333333333333
847 0.3333333333333333
860 0.3333333333333333
862 0.3333333333333333
873 0.3333333333333333
900 0.3333333333333333
907 0.3333333333333333
910 0.3333333333333333
911 0.3333333333333333
915 0.3333333333333333
922 0.3333333333333333
937 0.3333333333333333
952 0.3333333333333333
954 0.3333333333333333
975 0.3333333333333333
979 0.3333333333333333
991 0.3333333333333333
167 0.3076923076923077
264 0.3076923076923077
342 0.3076923076923077
422 0.3076923076923077
622 0.3076923076923077
648 0.3076923076923077
908 0.3076923076923077
6 0.3
12 0.3
43 0.3
100 0.3
104 0.3
175 0.3
185 0.3
214 0.3
231 0.3
