289 0.8
979 0.8
494 0.75
75 0.7142857142857143
346 0.7142857142857143
644 0.7
6 0.6666666666666666
34 0.6666666666666666
93 0.6666666666666666
181 0.6666666666666666
648 0.6666666666666666
672 0.6666666666666666
750 0.6666666666666666
753 0.6666666666666666
763 0.6666666666666666
821 0.6666666666666666
840 0.6666666666666666
867 0.6666666666666666
889 0.6666666666666666
893 0.6666666666666666
959 0.6666666666666666
301 0.6363636363636364
521 0.625
23 0.6153846153846154
230 0.6
414 0.6
727 0.6
820 0.6
941 0.6
69 0.5714285714285714
163 0.5714285714285714
250 0.5714285714285714
258 0.5714285714285714
427 0.5714285714285714
487 0.5714285714285714
489 0.5714285714285714
498 0.5714285714285714
718 0.5714285714285714
759 0.5714285714285714
811 0.5714285714285714
835 0.5714285714285714
876 0.5714285714285714
913 0.5714285714285714
953 0.5714285714285714
174 0.5555555555555556
195 0.5555555555555556
877 0.5555555555555556
18 0.5
126 0.5
183 0.5
251 0.5
278 0.5
295 0.5
307 0.5
309 0.5
359 0.5
518 0.5
538 0.5
555 0.5
594 0.5
613 0.5
653 0.5
947 0.5
962 0.5
970 0.5
994 0.5
729 0.46153846153846156
119 0.4444444444444444
160 0.4444444444444444
185 0.4444444444444444
199 0.4444444444444444
204 0.4444444444444444
206 0.4444444444444444
294 0.4444444444444444
356 0.4444444444444444
401 0.4444444444444444
412 0.4444444444444444
424 0.4444444444444444
434 0.4444444444444444
630 0.4444444444444444
809 0.4444444444444444
816 0.4444444444444444
854 0.4444444444444444
896 0.4444444444444444
39 0.42857142857142855
48 0.42857142857142855
124 0.42857142857142855
148 0.42857142857142855
340 0.42857142857142855
400 0.42857142857142855
416 0.42857142857142855
429 0.42857142857142855
445 0.42857142857142855
450 0.42857142857142855
454 0.42857142857142855
455 0.42857142857142855
566 0.42857142857142855
756 0.42857142857142855
777 0.42857142857142855
873 0.42857142857142855
904 0.42857142857142855
78 0.4166666666666667
826 0.4166666666666667
68 0.4
182 0.4
281 0.4
284 0.4
306 0.4
318 0.4
323 0.4
339 0.4
395 0.4
423 0.4
443 0.4
567 0.4
674 0.4
775 0.4
781 0.4
822 0.4
874 0.4
921 0.4
12 0.375
42 0.375
61 0.375
116 0.375
128 0.375
159 0.375
172 0.375
179 0.375
184 0.375
212 0.375
239 0.375
253 0.375
271 0.375
311 0.375
348 0.375
368 0.375
374 0.375
446 0.375
503 0.375
513 0.375
531 0.375
616 0.375
638 0.375
639 0.375
643 0.375
663 0.375
676 0.375
682 0.375
692 0.375
925 0.375
112 0.36363636363636365
129 0.36363636363636365
226 0.36363636363636365
247 0.36363636363636365
252 0.36363636363636365
337 0.36363636363636365
349 0.36363636363636365
421 0.36363636363636365
573 0.36363636363636365
583 0.36363636363636365
598 0.36363636363636365
789 0.36363636363636365
827 0.36363636363636365
915 0.36363636363636365
919 0.36363636363636365
932 0.36363636363636365
5 0.3333333333333333
14 0.3333333333333333
43 0.3333333333333333
49 0.3333333333333333
55 0.3333333333333333
76 0.3333333333333333
103 0.3333333333333333
107 0.3333333333333333
108 0.3333333333333333
133 0.3333333333333333
140 0.3333333333333333
154 0.3333333333333333
194 0.3333333333333333
208 0.3333333333333333
215 0.3333333333333333
218 0.3333333333333333
228 0.3333333333333333
232 0.3333333333333333
233 0.3333333333333333
237 0.3333333333333333
261 0.3333333333333333
268 0.3333333333333333
290 0.3333333333333333
293 0.3333333333333333
305 0.3333333333333333
334 0.3333333333333333
371 0.3333333333333333
381 0.3333333333333333
389 0.3333333333333333
458 0.3333333333333333
459 0.3333333333333333
464 0.3333333333333333
469 0.3333333333333333
481 0.3333333333333333
509 0.3333333333333333
530 0.3333333333333333
550 0.3333333333333333
557 0.3333333333333333
571 0.3333333333333333
574 0.3333333333333333
617 0.3333333333333333
631 0.3333333333333333
660 0.3333333333333333
667 0.3333333333333333
694 0.3333333333333333
716 0.3333333333333333
722 0.3333333333333333
734 0.3333333333333333
745 0.3333333333333333
749 0.3333333333333333
754 0.3333333333333333
776 0.3333333333333333
782 0.3333333333333333
787 0.3333333333333333
797 0.3333333333333333
799 0.3333333333333333
813 0.3333333333333333
814 0.3333333333333333
819 0.3333333333333333
844 0.3333333333333333
861 0.3333333333333333
868 0.3333333333333333
898 0.3333333333333333
909 0.3333333333333333
922 0.3333333333333333
930 0.3333333333333333
984 0.3333333333333333
993 0.3333333333333333
997 0.3333333333333333
17 0.3076923076923077
188 0.3076923076923077
198 0.3076923076923077
291 0.3076923076923077
362 0.3076923076923077
373 0.3076923076923077
608 0.3076923076923077
615 0.3076923076923077
765 0.3076923076923077
767 0.3076923076923077
960 0.3076923076923077
51 0.3
72 0.3
105 0.3
