691 0.9090909090909091
145 0.8571428571428571
199 0.8333333333333334
571 0.7777777777777778
485 0.75
915 0.7
224 0.6666666666666666
276 0.6666666666666666
534 0.6666666666666666
580 0.6666666666666666
655 0.6666666666666666
797 0.6666666666666666
940 0.6666666666666666
971 0.6666666666666666
773 0.6
16 0.5714285714285714
102 0.5714285714285714
110 0.5714285714285714
470 0.5714285714285714
495 0.5714285714285714
809 0.5714285714285714
14 0.5555555555555556
958 0.5555555555555556
2 0.5
30 0.5
87 0.5
90 0.5
157 0.5
236 0.5
287 0.5
305 0.5
323 0.5
341 0.5
363 0.5
415 0.5
528 0.5
554 0.5
561 0.5
743 0.5
825 0.5
929 0.5
979 0.5
983 0.5
9 0.45454545454545453
379 0.45454545454545453
153 0.4444444444444444
249 0.4444444444444444
290 0.4444444444444444
308 0.4444444444444444
336 0.4444444444444444
378 0.4444444444444444
391 0.4444444444444444
423 0.4444444444444444
609 0.4444444444444444
626 0.4444444444444444
760 0.4444444444444444
764 0.4444444444444444
846 0.4444444444444444
941 0.4444444444444444
956 0.4444444444444444
151 0.42857142857142855
193 0.42857142857142855
288 0.42857142857142855
352 0.42857142857142855
356 0.42857142857142855
405 0.42857142857142855
407 0.42857142857142855
474 0.42857142857142855
597 0.42857142857142855
787 0.42857142857142855
800 0.42857142857142855
827 0.42857142857142855
835 0.42857142857142855
909 0.42857142857142855
914 0.42857142857142855
15 0.4
335 0.4
572 0.4
651 0.4
682 0.4
683 0.4
749 0.4
763 0.4
931 0.4
950 0.4
944 0.38461538461538464
106 0.375
134 0.375
147 0.375
206 0.375
230 0.375
246 0.375
293 0.375
601 0.375
674 0.375
753 0.375
803 0.375
837 0.375
886 0.375
58 0.36363636363636365
269 0.36363636363636365
444 0.36363636363636365
447 0.36363636363636365
593 0.36363636363636365
656 0.36363636363636365
603 0.35714285714285715
883 0.35714285714285715
962 0.35714285714285715
44 0.3333333333333333
53 0.3333333333333333
55 0.3333333333333333
60 0.3333333333333333
65 0.3333333333333333
74 0.3333333333333333
79 0.3333333333333333
83 0.3333333333333333
92 0.3333333333333333
118 0.3333333333333333
170 0.3333333333333333
195 0.3333333333333333
240 0.3333333333333333
258 0.3333333333333333
296 0.3333333333333333
303 0.3333333333333333
327 0.3333333333333333
381 0.3333333333333333
403 0.3333333333333333
439 0.3333333333333333
454 0.3333333333333333
455 0.3333333333333333
478 0.3333333333333333
483 0.3333333333333333
492 0.3333333333333333
539 0.3333333333333333
600 0.3333333333333333
607 0.3333333333333333
610 0.3333333333333333
636 0.3333333333333333
642 0.3333333333333333
653 0.3333333333333333
662 0.3333333333333333
675 0.3333333333333333
709 0.3333333333333333
729 0.3333333333333333
734 0.3333333333333333
735 0.3333333333333333
752 0.3333333333333333
786 0.3333333333333333
802 0.3333333333333333
818 0.3333333333333333
822 0.3333333333333333
824 0.3333333333333333
856 0.3333333333333333
858 0.3333333333333333
900 0.3333333333333333
910 0.3333333333333333
921 0.3333333333333333
924 0.3333333333333333
933 0.3333333333333333
937 0.3333333333333333
972 0.3333333333333333
980 0.3333333333333333
994 0.3333333333333333
299 0.3125
84 0.3076923076923077
116 0.3076923076923077
208 0.3076923076923077
343 0.3076923076923077
536 0.3076923076923077
77 0.3
161 0.3
185 0.3
212 0.3
220 0.3
225 0.3
245 0.3
254 0.3
274 0.3
304 0.3
355 0.3
395 0.3
416 0.3
464 0.3
476 0.3
487 0.3
497 0.3
511 0.3
565 0.3
566 0.3
573 0.3
577 0.3
589 0.3
620 0.3
661 0.3
666 0.3
747 0.3
776 0.3
862 0.3
880 0.3
894 0.3
946 0.3
11 0.2857142857142857
32 0.2857142857142857
103 0.2857142857142857
105 0.2857142857142857
111 0.2857142857142857
114 0.2857142857142857
120 0.2857142857142857
146 0.2857142857142857
165 0.2857142857142857
184 0.2857142857142857
221 0.2857142857142857
227 0.2857142857142857
259 0.2857142857142857
307 0.2857142857142857
338 0.2857142857142857
347 0.2857142857142857
350 0.2857142857142857
359 0.2857142857142857
368 0.2857142857142857
388 0.2857142857142857
421 0.2857142857142857
456 0.2857142857142857
473 0.2857142857142857
504 0.2857142857142857
507 0.2857142857142857
509 0.2857142857142857
608 0.2857142857142857
630 0.2857142857142857
634 0.2857142857142857
668 0.2857142857142857
676 0.2857142857142857
692 0.2857142857142857
713 0.2857142857142857
724 0.2857142857142857
748 0.2857142857142857
755 0.2857142857142857
765 0.2857142857142857
779 0.2857142857142857
789 0.2857142857142857
792 0.2857142857142857
821 0.2857142857142857
874 0.2857142857142857
879 0.2857142857142857
903 0.2857142857142857
908 0.2857142857142857
974 0.2857142857142857
5 0.2727272727272727
26 0.2727272727272727
36 0.2727272727272727
