961 1.0
969 1.0
388 0.8333333333333334
462 0.8333333333333334
87 0.8
200 0.8
842 0.8
601 0.75
357 0.7272727272727273
407 0.7142857142857143
99 0.6666666666666666
386 0.6666666666666666
412 0.6666666666666666
733 0.6666666666666666
781 0.6666666666666666
845 0.6666666666666666
871 0.6666666666666666
891 0.6666666666666666
112 0.625
301 0.6
537 0.6
7 0.5714285714285714
59 0.5714285714285714
109 0.5714285714285714
327 0.5714285714285714
336 0.5714285714285714
513 0.5714285714285714
516 0.5714285714285714
559 0.5714285714285714
569 0.5714285714285714
579 0.5714285714285714
599 0.5714285714285714
666 0.5714285714285714
810 0.5714285714285714
905 0.5714285714285714
122 0.5555555555555556
773 0.5454545454545454
883 0.5454545454545454
28 0.5
37 0.5
103 0.5
128 0.5
150 0.5
210 0.5
229 0.5
236 0.5
273 0.5
309 0.5
322 0.5
376 0.5
414 0.5
427 0.5
446 0.5
450 0.5
502 0.5
542 0.5
591 0.5
611 0.5
634 0.5
692 0.5
716 0.5
718 0.5
736 0.5
739 0.5
744 0.5
751 0.5
782 0.5
841 0.5
885 0.5
958 0.5
975 0.5
996 0.5
101 0.45454545454545453
304 0.45454545454545453
619 0.45454545454545453
5 0.4444444444444444
46 0.4444444444444444
227 0.4444444444444444
261 0.4444444444444444
288 0.4444444444444444
397 0.4444444444444444
404 0.4444444444444444
420 0.4444444444444444
778 0.4444444444444444
791 0.4444444444444444
812 0.4444444444444444
828 0.4444444444444444
928 0.4444444444444444
929 0.4444444444444444
952 0.4444444444444444
116 0.42857142857142855
124 0.42857142857142855
134 0.42857142857142855
184 0.42857142857142855
212 0.42857142857142855
243 0.42857142857142855
329 0.42857142857142855
341 0.42857142857142855
366 0.42857142857142855
413 0.42857142857142855
478 0.42857142857142855
531 0.42857142857142855
535 0.42857142857142855
576 0.42857142857142855
688 0.42857142857142855
755 0.42857142857142855
823 0.42857142857142855
143 0.4166666666666667
1 0.4
58 0.4
60 0.4
231 0.4
256 0.4
335 0.4
490 0.4
496 0.4
588 0.4
705 0.4
830 0.4
832 0.4
893 0.4
165 0.38461538461538464
14 0.375
27 0.375
62 0.375
96 0.375
105 0.375
172 0.375
195 0.375
346 0.375
368 0.375
406 0.375
411 0.375
437 0.375
522 0.375
523 0.375
546 0.375
552 0.375
577 0.375
614 0.375
648 0.375
697 0.375
701 0.375
714 0.375
807 0.375
858 0.375
868 0.375
872 0.375
896 0.375
923 0.375
943 0.375
15 0.36363636363636365
169 0.36363636363636365
187 0.36363636363636365
190 0.36363636363636365
216 0.36363636363636365
224 0.36363636363636365
405 0.36363636363636365
438 0.36363636363636365
442 0.36363636363636365
629 0.36363636363636365
686 0.36363636363636365
756 0.36363636363636365
762 0.36363636363636365
796 0.36363636363636365
834 0.36363636363636365
944 0.36363636363636365
991 0.36363636363636365
995 0.36363636363636365
90 0.35714285714285715
524 0.35714285714285715
16 0.3333333333333333
34 0.3333333333333333
38 0.3333333333333333
40 0.3333333333333333
72 0.3333333333333333
114 0.3333333333333333
115 0.3333333333333333
144 0.3333333333333333
149 0.3333333333333333
163 0.3333333333333333
173 0.3333333333333333
214 0.3333333333333333
232 0.3333333333333333
280 0.3333333333333333
287 0.3333333333333333
291 0.3333333333333333
331 0.3333333333333333
349 0.3333333333333333
364 0.3333333333333333
370 0.3333333333333333
373 0.3333333333333333
418 0.3333333333333333
422 0.3333333333333333
447 0.3333333333333333
543 0.3333333333333333
556 0.3333333333333333
587 0.3333333333333333
653 0.3333333333333333
659 0.3333333333333333
693 0.3333333333333333
712 0.3333333333333333
732 0.3333333333333333
748 0.3333333333333333
769 0.3333333333333333
777 0.3333333333333333
793 0.3333333333333333
798 0.3333333333333333
805 0.3333333333333333
820 0.3333333333333333
831 0.3333333333333333
840 0.3333333333333333
850 0.3333333333333333
862 0.3333333333333333
947 0.3333333333333333
948 0.3333333333333333
972 0.3333333333333333
983 0.3333333333333333
990 0.3333333333333333
993 0.3333333333333333
378 0.3076923076923077
428 0.3076923076923077
802 0.3076923076923077
822 0.3076923076923077
29 0.3
35 0.3
36 0.3
43 0.3
71 0.3
77 0.3
107 0.3
120 0.3
131 0.3
139 0.3
148 0.3
159 0.3
171 0.3
247 0.3
297 0.3
303 0.3
317 0.3
332 0.3
354 0.3
372 0.3
385 0.3
400 0.3
409 0.3
494 0.3
583 0.3
612 0.3
