379 1.0
470 1.0
489 1.0
597 1.0
692 0.8888888888888888
795 0.8888888888888888
820 0.8888888888888888
152 0.875
166 0.875
217 0.875
733 0.8571428571428571
857 0.8571428571428571
54 0.8333333333333334
83 0.8333333333333334
431 0.8
479 0.8
518 0.8
673 0.8
779 0.7777777777777778
808 0.7777777777777778
426 0.75
72 0.7142857142857143
947 0.7142857142857143
352 0.7
5 0.6666666666666666
77 0.6666666666666666
106 0.6666666666666666
205 0.6666666666666666
275 0.6666666666666666
284 0.6666666666666666
288 0.6666666666666666
369 0.6666666666666666
408 0.6666666666666666
437 0.6666666666666666
528 0.6666666666666666
553 0.6666666666666666
559 0.6666666666666666
614 0.6666666666666666
687 0.6666666666666666
697 0.6666666666666666
723 0.6666666666666666
803 0.6666666666666666
816 0.6666666666666666
883 0.6666666666666666
938 0.6666666666666666
991 0.6666666666666666
109 0.625
705 0.625
451 0.6
663 0.6
864 0.6
968 0.6
40 0.5714285714285714
50 0.5714285714285714
89 0.5714285714285714
95 0.5714285714285714
99 0.5714285714285714
127 0.5714285714285714
133 0.5714285714285714
177 0.5714285714285714
350 0.5714285714285714
362 0.5714285714285714
524 0.5714285714285714
585 0.5714285714285714
685 0.5714285714285714
717 0.5714285714285714
728 0.5714285714285714
788 0.5714285714285714
832 0.5714285714285714
837 0.5714285714285714
923 0.5714285714285714
973 0.5714285714285714
992 0.5714285714285714
357 0.5555555555555556
472 0.5555555555555556
893 0.5454545454545454
3 0.5
12 0.5
32 0.5
35 0.5
37 0.5
80 0.5
81 0.5
105 0.5
149 0.5
156 0.5
185 0.5
203 0.5
209 0.5
216 0.5
229 0.5
258 0.5
259 0.5
261 0.5
289 0.5
334 0.5
386 0.5
420 0.5
440 0.5
461 0.5
