9 1.0
114 1.0
206 1.0
634 0.9
82 0.8888888888888888
997 0.8888888888888888
708 0.875
150 0.8333333333333334
960 0.8181818181818182
52 0.8
146 0.8
147 0.8
166 0.8
287 0.8
519 0.8
803 0.8
810 0.8
881 0.8
55 0.7777777777777778
246 0.7777777777777778
947 0.7777777777777778
219 0.75
518 0.75
808 0.75
937 0.75
67 0.7142857142857143
764 0.7142857142857143
825 0.7142857142857143
104 0.6666666666666666
122 0.6666666666666666
214 0.6666666666666666
241 0.6666666666666666
299 0.6666666666666666
306 0.6666666666666666
317 0.6666666666666666
401 0.6666666666666666
414 0.6666666666666666
451 0.6666666666666666
453 0.6666666666666666
459 0.6666666666666666
508 0.6666666666666666
524 0.6666666666666666
538 0.6666666666666666
586 0.6666666666666666
616 0.6666666666666666
643 0.6666666666666666
718 0.6666666666666666
727 0.6666666666666666
786 0.6666666666666666
795 0.6666666666666666
846 0.6666666666666666
874 0.6666666666666666
878 0.6666666666666666
962 0.6666666666666666
968 0.6666666666666666
996 0.6666666666666666
642 0.625
651 0.625
768 0.625
969 0.625
988 0.625
12 0.6
45 0.6
142 0.6
8 0.5714285714285714
11 0.5714285714285714
37 0.5714285714285714
74 0.5714285714285714
111 0.5714285714285714
128 0.5714285714285714
162 0.5714285714285714
212 0.5714285714285714
229 0.5714285714285714
251 0.5714285714285714
286 0.5714285714285714
415 0.5714285714285714
429 0.5714285714285714
430 0.5714285714285714
513 0.5714285714285714
573 0.5714285714285714
688 0.5714285714285714
739 0.5714285714285714
815 0.5714285714285714
855 0.5714285714285714
860 0.5714285714285714
879 0.5714285714285714
883 0.5714285714285714
915 0.5714285714285714
943 0.5714285714285714
948 0.5714285714285714
983 0.5714285714285714
2 0.5
20 0.5
39 0.5
44 0.5
59 0.5
81 0.5
117 0.5
138 0.5
139 0.5
