44 1.0
939 1.0
952 1.0
133 0.8888888888888888
373 0.8888888888888888
261 0.875
554 0.875
633 0.875
31 0.8
181 0.8
254 0.8
756 0.8
930 0.8
944 0.8
199 0.7777777777777778
245 0.7777777777777778
422 0.7777777777777778
622 0.7777777777777778
823 0.7777777777777778
27 0.75
312 0.75
592 0.75
783 0.75
813 0.75
994 0.75
341 0.7272727272727273
0 0.7142857142857143
213 0.7142857142857143
977 0.7142857142857143
683 0.7
816 0.7
5 0.6666666666666666
12 0.6666666666666666
39 0.6666666666666666
92 0.6666666666666666
121 0.6666666666666666
132 0.6666666666666666
164 0.6666666666666666
166 0.6666666666666666
251 0.6666666666666666
293 0.6666666666666666
303 0.6666666666666666
328 0.6666666666666666
365 0.6666666666666666
473 0.6666666666666666
483 0.6666666666666666
485 0.6666666666666666
569 0.6666666666666666
600 0.6666666666666666
687 0.6666666666666666
837 0.6666666666666666
874 0.6666666666666666
894 0.6666666666666666
901 0.6666666666666666
910 0.6666666666666666
948 0.6666666666666666
985 0.6666666666666666
237 0.625
336 0.625
612 0.625
617 0.625
799 0.625
335 0.6
499 0.6
547 0.6
673 0.6
35 0.5714285714285714
101 0.5714285714285714
167 0.5714285714285714
169 0.5714285714285714
241 0.5714285714285714
242 0.5714285714285714
280 0.5714285714285714
326 0.5714285714285714
368 0.5714285714285714
397 0.5714285714285714
416 0.5714285714285714
417 0.5714285714285714
445 0.5714285714285714
516 0.5714285714285714
594 0.5714285714285714
642 0.5714285714285714
713 0.5714285714285714
733 0.5714285714285714
757 0.5714285714285714
768 0.5714285714285714
784 0.5714285714285714
787 0.5714285714285714
832 0.5714285714285714
847 0.5714285714285714
860 0.5714285714285714
908 0.5714285714285714
913 0.5714285714285714
981 0.5714285714285714
19 0.5555555555555556
118 0.5555555555555556
338 0.5555555555555556
999 0.5555555555555556
8 0.5
23 0.5
