92 1.0
282 1.0
689 1.0
956 1.0
230 0.875
525 0.875
615 0.875
866 0.875
286 0.8333333333333334
991 0.8333333333333334
52 0.8
119 0.8
181 0.8
215 0.8
395 0.8
665 0.8
738 0.8
760 0.8
777 0.8
997 0.8
611 0.75
660 0.75
933 0.75
596 0.7272727272727273
224 0.7142857142857143
341 0.7142857142857143
548 0.7142857142857143
51 0.6666666666666666
142 0.6666666666666666
238 0.6666666666666666
244 0.6666666666666666
296 0.6666666666666666
340 0.6666666666666666
352 0.6666666666666666
360 0.6666666666666666
378 0.6666666666666666
379 0.6666666666666666
477 0.6666666666666666
482 0.6666666666666666
595 0.6666666666666666
606 0.6666666666666666
624 0.6666666666666666
763 0.6666666666666666
824 0.6666666666666666
95 0.625
516 0.625
618 0.625
20 0.5714285714285714
22 0.5714285714285714
28 0.5714285714285714
146 0.5714285714285714
167 0.5714285714285714
199 0.5714285714285714
210 0.5714285714285714
231 0.5714285714285714
367 0.5714285714285714
442 0.5714285714285714
564 0.5714285714285714
666 0.5714285714285714
723 0.5714285714285714
821 0.5714285714285714
847 0.5714285714285714
865 0.5714285714285714
873 0.5714285714285714
902 0.5714285714285714
925 0.5714285714285714
926 0.5714285714285714
943 0.5714285714285714
952 0.5714285714285714
99 0.5555555555555556
347 0.5555555555555556
368 0.5555555555555556
862 0.5555555555555556
888 0.5555555555555556
3 0.5
10 0.5
23 0.5
35 0.5
48 0.5
50 0.5
67 0.5
78 0.5
84 0.5
94 0.5
97 0.5
106 0.5
122 0.5
145 0.5
154 0.5
179 0.5
252 0.5
261 0.5
281 0.5
298 0.5
325 0.5
358 0.5
361 0.5
376 0.5
436 0.5
452 0.5
