8846 1.0
639 0.9090909090909091
246 0.8888888888888888
332 0.875
3020 0.875
4061 0.875
4187 0.875
5400 0.875
5652 0.875
6669 0.875
2617 0.8571428571428571
8086 0.8571428571428571
8156 0.8571428571428571
9807 0.8571428571428571
1428 0.8333333333333334
1522 0.8333333333333334
1809 0.8333333333333334
2583 0.8333333333333334
3778 0.8333333333333334
4944 0.8333333333333334
8214 0.8333333333333334
2914 0.8181818181818182
3418 0.8181818181818182
114 0.8
224 0.8
543 0.8
1632 0.8
2106 0.8
2555 0.8
2562 0.8
4516 0.8
4532 0.8
4571 0.8
5220 0.8
7416 0.8
7441 0.8
8260 0.8
8351 0.8
8653 0.8
9015 0.8
9283 0.8
9562 0.8
1221 0.7777777777777778
1655 0.7777777777777778
1857 0.7777777777777778
2395 0.7777777777777778
4264 0.7777777777777778
4494 0.7777777777777778
5020 0.7777777777777778
6869 0.7777777777777778
7183 0.7777777777777778
1102 0.75
2150 0.75
2340 0.75
2621 0.75
2694 0.75
3243 0.75
3305 0.75
4039 0.75
4231 0.75
5894 0.75
6330 0.75
6746 0.75
7311 0.75
7499 0.75
7895 0.75
7963 0.75
9695 0.75
4382 0.7272727272727273
4804 0.7272727272727273
5478 0.7272727272727273
6320 0.7272727272727273
6747 0.7272727272727273
8396 0.7272727272727273
9551 0.7272727272727273
9822 0.7272727272727273
555 0.7142857142857143
1205 0.7142857142857143
1448 0.7142857142857143
1652 0.7142857142857143
2074 0.7142857142857143
2312 0.7142857142857143
4133 0.7142857142857143
4255 0.7142857142857143
7172 0.7142857142857143
9029 0.7142857142857143
9316 0.7142857142857143
2372 0.7
3563 0.7
6434 0.7
7238 0.7
7479 0.7
306 0.6666666666666666
316 0.6666666666666666
327 0.6666666666666666
339 0.6666666666666666
357 0.6666666666666666
616 0.6666666666666666
629 0.6666666666666666
705 0.6666666666666666
739 0.6666666666666666
956 0.6666666666666666
958 0.6666666666666666
1042 0.6666666666666666
1387 0.6666666666666666
1533 0.6666666666666666
1565 0.6666666666666666
1659 0.6666666666666666
1833 0.6666666666666666
1839 0.6666666666666666
1868 0.6666666666666666
1884 0.6666666666666666
1942 0.6666666666666666
2141 0.6666666666666666
2285 0.6666666666666666
2287 0.6666666666666666
2308 0.6666666666666666
2390 0.6666666666666666
2492 0.6666666666666666
2556 0.6666666666666666
2687 0.6666666666666666
2776 0.6666666666666666
3242 0.6666666666666666
3498 0.6666666666666666
3565 0.6666666666666666
3638 0.6666666666666666
3873 0.6666666666666666
3941 0.6666666666666666
4076 0.6666666666666666
4136 0.6666666666666666
4200 0.6666666666666666
4302 0.6666666666666666
4326 0.6666666666666666
4391 0.6666666666666666
4437 0.6666666666666666
4780 0.6666666666666666
4922 0.6666666666666666
5096 0.6666666666666666
5130 0.6666666666666666
5140 0.6666666666666666
5227 0.6666666666666666
5308 0.6666666666666666
5790 0.6666666666666666
5999 0.6666666666666666
6063 0.6666666666666666
6361 0.6666666666666666
6378 0.6666666666666666
6406 0.6666666666666666
6413 0.6666666666666666
6479 0.6666666666666666
6522 0.6666666666666666
6582 0.6666666666666666
6805 0.6666666666666666
6847 0.6666666666666666
6896 0.6666666666666666
7247 0.6666666666666666
7385 0.6666666666666666
7456 0.6666666666666666
7509 0.6666666666666666
7529 0.6666666666666666
7751 0.6666666666666666
7762 0.6666666666666666
7787 0.6666666666666666
7816 0.6666666666666666
7962 0.6666666666666666
7991 0.6666666666666666
8151 0.6666666666666666
8176 0.6666666666666666
8195 0.6666666666666666
8229 0.6666666666666666
8319 0.6666666666666666
8563 0.6666666666666666
8599 0.6666666666666666
8610 0.6666666666666666
8797 0.6666666666666666
8910 0.6666666666666666
8969 0.6666666666666666
8982 0.6666666666666666
9342 0.6666666666666666
9360 0.6666666666666666
9385 0.6666666666666666
9398 0.6666666666666666
9646 0.6666666666666666
9810 0.6666666666666666
9815 0.6666666666666666
9865 0.6666666666666666
9893 0.6666666666666666
1694 0.6363636363636364
1786 0.6363636363636364
1933 0.6363636363636364
3479 0.6363636363636364
3995 0.6363636363636364
9119 0.6363636363636364
234 0.625
1648 0.625
4248 0.625
4322 0.625
5607 0.625
5717 0.625
9681 0.625
821 0.6
1414 0.6
3990 0.6
4319 0.6
4435 0.6
5021 0.6
5838 0.6
6270 0.6
8143 0.6
8626 0.6
8762 0.6
9038 0.6
9706 0.6
1568 0.5833333333333334
8480 0.5833333333333334
14 0.5714285714285714
83 0.5714285714285714
213 0.5714285714285714
326 0.5714285714285714
367 0.5714285714285714
455 0.5714285714285714
461 0.5714285714285714
538 0.5714285714285714
554 0.5714285714285714
637 0.5714285714285714
720 0.5714285714285714
999 0.5714285714285714
1138 0.5714285714285714
1165 0.5714285714285714
1274 0.5714285714285714
1332 0.5714285714285714
1346 0.5714285714285714
1391 0.5714285714285714
1636 0.5714285714285714
1646 0.5714285714285714
1755 0.5714285714285714
1956 0.5714285714285714
2216 0.5714285714285714
2412 0.5714285714285714
2536 0.5714285714285714
2624 0.5714285714285714
2649 0.5714285714285714
2720 0.5714285714285714
2732 0.5714285714285714
2813 0.5714285714285714
2943 0.5714285714285714
3000 0.5714285714285714
3024 0.5714285714285714
3086 0.5714285714285714
3344 0.5714285714285714
3834 0.5714285714285714
3868 0.5714285714285714
3893 0.5714285714285714
4083 0.5714285714285714
4129 0.5714285714285714
4147 0.5714285714285714
4427 0.5714285714285714
4454 0.5714285714285714
4498 0.5714285714285714
4607 0.5714285714285714
4657 0.5714285714285714
4751 0.5714285714285714
4760 0.5714285714285714
4773 0.5714285714285714
4892 0.5714285714285714
4902 0.5714285714285714
4936 0.5714285714285714
5062 0.5714285714285714
5265 0.5714285714285714
5312 0.5714285714285714
5402 0.5714285714285714
5692 0.5714285714285714
5713 0.5714285714285714
5846 0.5714285714285714
5866 0.5714285714285714
5963 0.5714285714285714
6003 0.5714285714285714
6112 0.5714285714285714
6268 0.5714285714285714
6314 0.5714285714285714
6408 0.5714285714285714
6458 0.5714285714285714
6494 0.5714285714285714
6565 0.5714285714285714
6593 0.5714285714285714
6739 0.5714285714285714
6835 0.5714285714285714
6883 0.5714285714285714
7282 0.5714285714285714
7384 0.5714285714285714
7653 0.5714285714285714
7776 0.5714285714285714
7899 0.5714285714285714
8171 0.5714285714285714
8241 0.5714285714285714
8269 0.5714285714285714
8324 0.5714285714285714
8341 0.5714285714285714
8377 0.5714285714285714
8517 0.5714285714285714
8546 0.5714285714285714
8642 0.5714285714285714
8827 0.5714285714285714
8918 0.5714285714285714
9167 0.5714285714285714
9248 0.5714285714285714
9463 0.5714285714285714
9591 0.5714285714285714
9724 0.5714285714285714
9864 0.5714285714285714
9903 0.5714285714285714
692 0.5555555555555556
1161 0.5555555555555556
1660 0.5555555555555556
2193 0.5555555555555556
3407 0.5555555555555556
3900 0.5555555555555556
3937 0.5555555555555556
4821 0.5555555555555556
5291 0.5555555555555556
6040 0.5555555555555556
6168 0.5555555555555556
6278 0.5555555555555556
7278 0.5555555555555556
8273 0.5555555555555556
9215 0.5555555555555556
1206 0.5454545454545454
2237 0.5454545454545454
3068 0.5454545454545454
3091 0.5454545454545454
3682 0.5454545454545454
7003 0.5454545454545454
8438 0.5454545454545454
201 0.5
268 0.5
344 0.5
350 0.5
358 0.5
440 0.5
479 0.5
534 0.5
539 0.5
726 0.5
760 0.5
1000 0.5
1003 0.5
1069 0.5
1091 0.5
1121 0.5
1124 0.5
1235 0.5
1266 0.5
1268 0.5
1328 0.5
1340 0.5
1422 0.5
1457 0.5
1479 0.5
1492 0.5
1530 0.5
1600 0.5
1670 0.5
1718 0.5
1817 0.5
1973 0.5
2040 0.5
2084 0.5
2277 0.5
2379 0.5
2453 0.5
2494 0.5
2502 0.5
2631 0.5
2647 0.5
2657 0.5
2663 0.5
2735 0.5
2746 0.5
2878 0.5
2920 0.5
2948 0.5
3038 0.5
3070 0.5
3092 0.5
3111 0.5
3216 0.5
3227 0.5
3253 0.5
3270 0.5
3290 0.5
3304 0.5
3315 0.5
3385 0.5
3405 0.5
3507 0.5
3537 0.5
3655 0.5
3727 0.5
3735 0.5
3957 0.5
4237 0.5
4270 0.5
4366 0.5
4417 0.5
4447 0.5
4459 0.5
4475 0.5
4495 0.5
4550 0.5
4557 0.5
4658 0.5
4695 0.5
4701 0.5
4795 0.5
4820 0.5
4885 0.5
5036 0.5
5183 0.5
5242 0.5
5348 0.5
5424 0.5
5457 0.5
5535 0.5
5634 0.5
5648 0.5
5695 0.5
5736 0.5
5749 0.5
5751 0.5
5813 0.5
5822 0.5
5884 0.5
6053 0.5
6109 0.5
6152 0.5
6190 0.5
6263 0.5
6269 0.5
6294 0.5
6331 0.5
6384 0.5
6394 0.5
6432 0.5
6499 0.5
6518 0.5
6529 0.5
6591 0.5
6695 0.5
6824 0.5
6949 0.5
6951 0.5
7005 0.5
7212 0.5
7315 0.5
7486 0.5
7611 0.5
7634 0.5
7681 0.5
7740 0.5
7817 0.5
7827 0.5
7831 0.5
7859 0.5
7906 0.5
7909 0.5
7926 0.5
7967 0.5
7980 0.5
8028 0.5
8056 0.5
8078 0.5
8350 0.5
8388 0.5
8549 0.5
8738 0.5
8758 0.5
8804 0.5
8849 0.5
8865 0.5
8867 0.5
8871 0.5
8879 0.5
8905 0.5
8906 0.5
8913 0.5
8932 0.5
9128 0.5
9157 0.5
9173 0.5
9190 0.5
9272 0.5
9297 0.5
9311 0.5
9384 0.5
9428 0.5
9574 0.5
9665 0.5
9751 0.5
9814 0.5
9868 0.5
9909 0.5
9943 0.5
9956 0.5
9964 0.5
9973 0.5
865 0.46153846153846156
4765 0.46153846153846156
7449 0.46153846153846156
9897 0.46153846153846156
31 0.45454545454545453
651 0.45454545454545453
1045 0.45454545454545453
2668 0.45454545454545453
3501 0.45454545454545453
5410 0.45454545454545453
5512 0.45454545454545453
5871 0.45454545454545453
6552 0.45454545454545453
6595 0.45454545454545453
7375 0.45454545454545453
7667 0.45454545454545453
8523 0.45454545454545453
4 0.4444444444444444
39 0.4444444444444444
56 0.4444444444444444
75 0.4444444444444444
88 0.4444444444444444
200 0.4444444444444444
618 0.4444444444444444
677 0.4444444444444444
926 0.4444444444444444
1023 0.4444444444444444
1059 0.4444444444444444
1075 0.4444444444444444
1084 0.4444444444444444
1117 0.4444444444444444
1467 0.4444444444444444
1473 0.4444444444444444
1502 0.4444444444444444
1552 0.4444444444444444
1607 0.4444444444444444
1650 0.4444444444444444
1703 0.4444444444444444
1826 0.4444444444444444
1982 0.4444444444444444
2015 0.4444444444444444
2029 0.4444444444444444
2082 0.4444444444444444
2138 0.4444444444444444
2221 0.4444444444444444
2309 0.4444444444444444
2370 0.4444444444444444
2405 0.4444444444444444
2458 0.4444444444444444
2628 0.4444444444444444
2670 0.4444444444444444
2676 0.4444444444444444
2679 0.4444444444444444
2765 0.4444444444444444
2949 0.4444444444444444
3137 0.4444444444444444
3314 0.4444444444444444
3368 0.4444444444444444
3435 0.4444444444444444
3528 0.4444444444444444
3560 0.4444444444444444
3589 0.4444444444444444
3656 0.4444444444444444
3678 0.4444444444444444
3692 0.4444444444444444
3749 0.4444444444444444
3823 0.4444444444444444
3975 0.4444444444444444
4015 0.4444444444444444
4042 0.4444444444444444
4108 0.4444444444444444
4309 0.4444444444444444
4325 0.4444444444444444
4328 0.4444444444444444
4342 0.4444444444444444
4386 0.4444444444444444
4506 0.4444444444444444
4876 0.4444444444444444
5008 0.4444444444444444
5041 0.4444444444444444
5053 0.4444444444444444
5054 0.4444444444444444
5144 0.4444444444444444
5209 0.4444444444444444
5280 0.4444444444444444
5297 0.4444444444444444
5337 0.4444444444444444
5365 0.4444444444444444
5369 0.4444444444444444
5436 0.4444444444444444
5480 0.4444444444444444
5537 0.4444444444444444
5542 0.4444444444444444
5567 0.4444444444444444
5608 0.4444444444444444
5772 0.4444444444444444
5780 0.4444444444444444
5799 0.4444444444444444
5826 0.4444444444444444
5899 0.4444444444444444
5917 0.4444444444444444
5970 0.4444444444444444
5974 0.4444444444444444
6002 0.4444444444444444
6101 0.4444444444444444
6121 0.4444444444444444
6201 0.4444444444444444
6274 0.4444444444444444
6359 0.4444444444444444
6493 0.4444444444444444
6495 0.4444444444444444
6532 0.4444444444444444
6544 0.4444444444444444
6577 0.4444444444444444
6790 0.4444444444444444
6984 0.4444444444444444
7068 0.4444444444444444
7121 0.4444444444444444
7129 0.4444444444444444
7255 0.4444444444444444
7358 0.4444444444444444
7566 0.4444444444444444
7572 0.4444444444444444
7579 0.4444444444444444
7615 0.4444444444444444
7657 0.4444444444444444
7697 0.4444444444444444
7728 0.4444444444444444
7882 0.4444444444444444
7886 0.4444444444444444
7894 0.4444444444444444
7916 0.4444444444444444
7985 0.4444444444444444
8128 0.4444444444444444
8154 0.4444444444444444
8173 0.4444444444444444
8179 0.4444444444444444
8208 0.4444444444444444
8217 0.4444444444444444
8252 0.4444444444444444
8467 0.4444444444444444
8519 0.4444444444444444
8612 0.4444444444444444
8665 0.4444444444444444
8783 0.4444444444444444
8815 0.4444444444444444
8864 0.4444444444444444
9126 0.4444444444444444
9242 0.4444444444444444
9413 0.4444444444444444
9633 0.4444444444444444
9658 0.4444444444444444
9775 0.4444444444444444
9805 0.4444444444444444
12 0.42857142857142855
222 0.42857142857142855
258 0.42857142857142855
313 0.42857142857142855
361 0.42857142857142855
481 0.42857142857142855
563 0.42857142857142855
702 0.42857142857142855
795 0.42857142857142855
855 0.42857142857142855
932 0.42857142857142855
1014 0.42857142857142855
1190 0.42857142857142855
1386 0.42857142857142855
1389 0.42857142857142855
1393 0.42857142857142855
1517 0.42857142857142855
1534 0.42857142857142855
1559 0.42857142857142855
1608 0.42857142857142855
1644 0.42857142857142855
1679 0.42857142857142855
1699 0.42857142857142855
1788 0.42857142857142855
1899 0.42857142857142855
1985 0.42857142857142855
2037 0.42857142857142855
2102 0.42857142857142855
2168 0.42857142857142855
2187 0.42857142857142855
2252 0.42857142857142855
2264 0.42857142857142855
2301 0.42857142857142855
2438 0.42857142857142855
2639 0.42857142857142855
2640 0.42857142857142855
2805 0.42857142857142855
3046 0.42857142857142855
3142 0.42857142857142855
3278 0.42857142857142855
3343 0.42857142857142855
3353 0.42857142857142855
3390 0.42857142857142855
3409 0.42857142857142855
3449 0.42857142857142855
3552 0.42857142857142855
3663 0.42857142857142855
3685 0.42857142857142855
3814 0.42857142857142855
3862 0.42857142857142855
4128 0.42857142857142855
4241 0.42857142857142855
4267 0.42857142857142855
4271 0.42857142857142855
4356 0.42857142857142855
4457 0.42857142857142855
4546 0.42857142857142855
4590 0.42857142857142855
4974 0.42857142857142855
5195 0.42857142857142855
5200 0.42857142857142855
5234 0.42857142857142855
5335 0.42857142857142855
5345 0.42857142857142855
5685 0.42857142857142855
5910 0.42857142857142855
5981 0.42857142857142855
5986 0.42857142857142855
6031 0.42857142857142855
6124 0.42857142857142855
6126 0.42857142857142855
6317 0.42857142857142855
6366 0.42857142857142855
6376 0.42857142857142855
6462 0.42857142857142855
6490 0.42857142857142855
6579 0.42857142857142855
6817 0.42857142857142855
6844 0.42857142857142855
6930 0.42857142857142855
7020 0.42857142857142855
7126 0.42857142857142855
7163 0.42857142857142855
7270 0.42857142857142855
7285 0.42857142857142855
7335 0.42857142857142855
7460 0.42857142857142855
7957 0.42857142857142855
7978 0.42857142857142855
8045 0.42857142857142855
8105 0.42857142857142855
8279 0.42857142857142855
8417 0.42857142857142855
8522 0.42857142857142855
8558 0.42857142857142855
8576 0.42857142857142855
8611 0.42857142857142855
8696 0.42857142857142855
8770 0.42857142857142855
8802 0.42857142857142855
8861 0.42857142857142855
8963 0.42857142857142855
9204 0.42857142857142855
9265 0.42857142857142855
9464 0.42857142857142855
9553 0.42857142857142855
9554 0.42857142857142855
9566 0.42857142857142855
9623 0.42857142857142855
9693 0.42857142857142855
9707 0.42857142857142855
9712 0.42857142857142855
9794 0.42857142857142855
9854 0.42857142857142855
9871 0.42857142857142855
9875 0.42857142857142855
9960 0.42857142857142855
2695 0.4166666666666667
3850 0.4166666666666667
5816 0.4166666666666667
7877 0.4166666666666667
9036 0.4166666666666667
9387 0.4166666666666667
9529 0.4166666666666667
190 0.4
255 0.4
293 0.4
490 0.4
499 0.4
527 0.4
536 0.4
606 0.4
630 0.4
636 0.4
680 0.4
745 0.4
754 0.4
787 0.4
1073 0.4
1128 0.4
1453 0.4
1606 0.4
1613 0.4
1858 0.4
1914 0.4
1939 0.4
1952 0.4
2055 0.4
2243 0.4
2258 0.4
2314 0.4
2463 0.4
2488 0.4
2586 0.4
2599 0.4
2675 0.4
2689 0.4
2725 0.4
2759 0.4
2861 0.4
2969 0.4
3029 0.4
3127 0.4
3157 0.4
3195 0.4
3276 0.4
3321 0.4
3369 0.4
3502 0.4
3734 0.4
3740 0.4
3760 0.4
3764 0.4
3817 0.4
3826 0.4
3853 0.4
3857 0.4
3863 0.4
3874 0.4
3956 0.4
4019 0.4
4065 0.4
4092 0.4
4121 0.4
4122 0.4
4175 0.4
4279 0.4
4370 0.4
4566 0.4
4568 0.4
4583 0.4
4639 0.4
4654 0.4
4699 0.4
4725 0.4
4963 0.4
5039 0.4
5075 0.4
5078 0.4
5107 0.4
5121 0.4
5201 0.4
5231 0.4
5319 0.4
5331 0.4
5505 0.4
5551 0.4
5748 0.4
5785 0.4
5787 0.4
5853 0.4
5865 0.4
5905 0.4
5911 0.4
5923 0.4
5996 0.4
6051 0.4
6290 0.4
6334 0.4
6342 0.4
6345 0.4
6390 0.4
6399 0.4
6424 0.4
6819 0.4
6838 0.4
6850 0.4
6894 0.4
6940 0.4
7069 0.4
7096 0.4
7162 0.4
7227 0.4
7329 0.4
7362 0.4
7369 0.4
7421 0.4
7490 0.4
7557 0.4
7577 0.4
7693 0.4
7830 0.4
7942 0.4
8018 0.4
8037 0.4
8044 0.4
8072 0.4
8239 0.4
8247 0.4
8389 0.4
8397 0.4
8409 0.4
8474 0.4
8573 0.4
8615 0.4
8686 0.4
8887 0.4
9004 0.4
9078 0.4
9107 0.4
9139 0.4
9154 0.4
9198 0.4
9209 0.4
9363 0.4
9391 0.4
9405 0.4
9411 0.4
9442 0.4
9458 0.4
9473 0.4
9549 0.4
9762 0.4
9920 0.4
9951 0.4
9966 0.4
9997 0.4
369 0.38461538461538464
399 0.38461538461538464
596 0.38461538461538464
2823 0.38461538461538464
6926 0.38461538461538464
8921 0.38461538461538464
8968 0.38461538461538464
9825 0.38461538461538464
9993 0.38461538461538464
28 0.375
33 0.375
50 0.375
62 0.375
109 0.375
164 0.375
165 0.375
172 0.375
216 0.375
229 0.375
269 0.375
281 0.375
296 0.375
299 0.375
343 0.375
349 0.375
382 0.375
384 0.375
414 0.375
418 0.375
427 0.375
468 0.375
518 0.375
564 0.375
602 0.375
810 0.375
823 0.375
825 0.375
848 0.375
961 0.375
974 0.375
1064 0.375
1101 0.375
1219 0.375
1248 0.375
1256 0.375
1352 0.375
1485 0.375
1584 0.375
1618 0.375
1665 0.375
1696 0.375
1728 0.375
1756 0.375
1860 0.375
1875 0.375
1897 0.375
1917 0.375
1929 0.375
1966 0.375
1998 0.375
2027 0.375
2067 0.375
2130 0.375
2151 0.375
