244 1.0
4112 1.0
6037 1.0
7344 1.0
5115 0.9090909090909091
658 0.8888888888888888
3373 0.8888888888888888
8781 0.8888888888888888
1216 0.875
6268 0.875
6328 0.875
6500 0.875
7206 0.875
8391 0.875
8790 0.875
3500 0.8571428571428571
4507 0.8571428571428571
652 0.8333333333333334
2566 0.8333333333333334
3032 0.8333333333333334
5750 0.8333333333333334
8011 0.8333333333333334
8285 0.8333333333333334
8489 0.8333333333333334
6207 0.8181818181818182
362 0.8
825 0.8
1566 0.8
2401 0.8
2842 0.8
3836 0.8
5266 0.8
6823 0.8
7261 0.8
7943 0.8
8434 0.8
8643 0.8
9889 0.8
364 0.7777777777777778
3190 0.7777777777777778
3336 0.7777777777777778
4476 0.7777777777777778
5945 0.7777777777777778
6521 0.7777777777777778
7171 0.7777777777777778
8419 0.7777777777777778
9386 0.7777777777777778
417 0.75
913 0.75
1550 0.75
1737 0.75
1777 0.75
2162 0.75
2195 0.75
2833 0.75
4828 0.75
7960 0.75
9165 0.75
476 0.7272727272727273
769 0.7272727272727273
6112 0.7272727272727273
6639 0.7272727272727273
6896 0.7272727272727273
7948 0.7272727272727273
8671 0.7272727272727273
9599 0.7272727272727273
1615 0.7142857142857143
2454 0.7142857142857143
3551 0.7142857142857143
5927 0.7142857142857143
8843 0.7142857142857143
9425 0.7142857142857143
3198 0.7
6499 0.7
6942 0.7
7463 0.7
8484 0.7
8625 0.7
282 0.6666666666666666
300 0.6666666666666666
529 0.6666666666666666
966 0.6666666666666666
1122 0.6666666666666666
1519 0.6666666666666666
1549 0.6666666666666666
1559 0.6666666666666666
1625 0.6666666666666666
1641 0.6666666666666666
1690 0.6666666666666666
1776 0.6666666666666666
1789 0.6666666666666666
1862 0.6666666666666666
1997 0.6666666666666666
2318 0.6666666666666666
2638 0.6666666666666666
2737 0.6666666666666666
2911 0.6666666666666666
2945 0.6666666666666666
2967 0.6666666666666666
3144 0.6666666666666666
3200 0.6666666666666666
3306 0.6666666666666666
3547 0.6666666666666666
3600 0.6666666666666666
3609 0.6666666666666666
3642 0.6666666666666666
3658 0.6666666666666666
3746 0.6666666666666666
3982 0.6666666666666666
4280 0.6666666666666666
4375 0.6666666666666666
4416 0.6666666666666666
4752 0.6666666666666666
4838 0.6666666666666666
4843 0.6666666666666666
4862 0.6666666666666666
4966 0.6666666666666666
5037 0.6666666666666666
5373 0.6666666666666666
5447 0.6666666666666666
5786 0.6666666666666666
5795 0.6666666666666666
5868 0.6666666666666666
6117 0.6666666666666666
6289 0.6666666666666666
6458 0.6666666666666666
6463 0.6666666666666666
6466 0.6666666666666666
6686 0.6666666666666666
7027 0.6666666666666666
7259 0.6666666666666666
7596 0.6666666666666666
7640 0.6666666666666666
8085 0.6666666666666666
8105 0.6666666666666666
8181 0.6666666666666666
8207 0.6666666666666666
8394 0.6666666666666666
8431 0.6666666666666666
8433 0.6666666666666666
8464 0.6666666666666666
8722 0.6666666666666666
8911 0.6666666666666666
8917 0.6666666666666666
8998 0.6666666666666666
9100 0.6666666666666666
9293 0.6666666666666666
9380 0.6666666666666666
9422 0.6666666666666666
9544 0.6666666666666666
9562 0.6666666666666666
9573 0.6666666666666666
2459 0.6363636363636364
4076 0.6363636363636364
6990 0.6363636363636364
7018 0.6363636363636364
8724 0.6363636363636364
9186 0.6363636363636364
400 0.625
981 0.625
1406 0.625
1905 0.625
2225 0.625
2849 0.625
2960 0.625
4196 0.625
4603 0.625
4645 0.625
5872 0.625
7024 0.625
8882 0.625
9343 0.625
553 0.6
813 0.6
946 0.6
1520 0.6
2105 0.6
2985 0.6
3483 0.6
3680 0.6
4410 0.6
4493 0.6
4899 0.6
5259 0.6
5469 0.6
5728 0.6
6034 0.6
6581 0.6
7631 0.6
8297 0.6
8485 0.6
8649 0.6
8677 0.6
9485 0.6
9689 0.6
2758 0.5833333333333334
8183 0.5833333333333334
344 0.5714285714285714
365 0.5714285714285714
398 0.5714285714285714
727 0.5714285714285714
1265 0.5714285714285714
1302 0.5714285714285714
1306 0.5714285714285714
1592 0.5714285714285714
1619 0.5714285714285714
1660 0.5714285714285714
1794 0.5714285714285714
1924 0.5714285714285714
1969 0.5714285714285714
1989 0.5714285714285714
2081 0.5714285714285714
2145 0.5714285714285714
2160 0.5714285714285714
2299 0.5714285714285714
2331 0.5714285714285714
2371 0.5714285714285714
2418 0.5714285714285714
2549 0.5714285714285714
2663 0.5714285714285714
2677 0.5714285714285714
2764 0.5714285714285714
2977 0.5714285714285714
3281 0.5714285714285714
3539 0.5714285714285714
3747 0.5714285714285714
3881 0.5714285714285714
3925 0.5714285714285714
4092 0.5714285714285714
4105 0.5714285714285714
4149 0.5714285714285714
4282 0.5714285714285714
4686 0.5714285714285714
4767 0.5714285714285714
4820 0.5714285714285714
4905 0.5714285714285714
5086 0.5714285714285714
5269 0.5714285714285714
5290 0.5714285714285714
5512 0.5714285714285714
5576 0.5714285714285714
5594 0.5714285714285714
5608 0.5714285714285714
5625 0.5714285714285714
5693 0.5714285714285714
5773 0.5714285714285714
5778 0.5714285714285714
5846 0.5714285714285714
5876 0.5714285714285714
5895 0.5714285714285714
5931 0.5714285714285714
5996 0.5714285714285714
6040 0.5714285714285714
6096 0.5714285714285714
6132 0.5714285714285714
6163 0.5714285714285714
6257 0.5714285714285714
6340 0.5714285714285714
6354 0.5714285714285714
6467 0.5714285714285714
6504 0.5714285714285714
6670 0.5714285714285714
6830 0.5714285714285714
6920 0.5714285714285714
7063 0.5714285714285714
7069 0.5714285714285714
7081 0.5714285714285714
7152 0.5714285714285714
7166 0.5714285714285714
7224 0.5714285714285714
7427 0.5714285714285714
7533 0.5714285714285714
7600 0.5714285714285714
7671 0.5714285714285714
7810 0.5714285714285714
8077 0.5714285714285714
8100 0.5714285714285714
8138 0.5714285714285714
8363 0.5714285714285714
8506 0.5714285714285714
8544 0.5714285714285714
8622 0.5714285714285714
8746 0.5714285714285714
8830 0.5714285714285714
8904 0.5714285714285714
8997 0.5714285714285714
9117 0.5714285714285714
9196 0.5714285714285714
9355 0.5714285714285714
9523 0.5714285714285714
9563 0.5714285714285714
9925 0.5714285714285714
57 0.5555555555555556
305 0.5555555555555556
694 0.5555555555555556
1410 0.5555555555555556
1769 0.5555555555555556
2472 0.5555555555555556
2717 0.5555555555555556
2817 0.5555555555555556
2901 0.5555555555555556
4253 0.5555555555555556
5746 0.5555555555555556
6870 0.5555555555555556
8073 0.5555555555555556
8239 0.5555555555555556
8833 0.5555555555555556
9617 0.5555555555555556
9811 0.5555555555555556
2648 0.5454545454545454
3098 0.5454545454545454
4372 0.5454545454545454
4520 0.5454545454545454
4721 0.5454545454545454
7015 0.5454545454545454
7067 0.5454545454545454
8326 0.5454545454545454
8979 0.5454545454545454
6654 0.5384615384615384
7607 0.5384615384615384
77 0.5
99 0.5
100 0.5
204 0.5
209 0.5
216 0.5
230 0.5
249 0.5
367 0.5
700 0.5
709 0.5
879 0.5
1029 0.5
1079 0.5
1100 0.5
1113 0.5
1127 0.5
1151 0.5
1177 0.5
1207 0.5
1220 0.5
1317 0.5
1380 0.5
1396 0.5
1467 0.5
1497 0.5
1578 0.5
1582 0.5
1750 0.5
1760 0.5
1812 0.5
1896 0.5
1902 0.5
1927 0.5
2021 0.5
2191 0.5
2264 0.5
2335 0.5
2339 0.5
2425 0.5
2440 0.5
2442 0.5
2452 0.5
2598 0.5
2676 0.5
2725 0.5
2810 0.5
2832 0.5
2863 0.5
2888 0.5
2890 0.5
3010 0.5
3058 0.5
3083 0.5
3161 0.5
3203 0.5
3301 0.5
3384 0.5
3428 0.5
3434 0.5
3457 0.5
3528 0.5
3584 0.5
3659 0.5
3701 0.5
3711 0.5
3728 0.5
3766 0.5
3796 0.5
3814 0.5
3851 0.5
3895 0.5
3944 0.5
3987 0.5
4032 0.5
4046 0.5
4115 0.5
4142 0.5
4177 0.5
4231 0.5
4246 0.5
4258 0.5
4332 0.5
4404 0.5
4413 0.5
4443 0.5
4503 0.5
4510 0.5
4527 0.5
4652 0.5
4683 0.5
4714 0.5
4808 0.5
4833 0.5
4837 0.5
4859 0.5
4939 0.5
5023 0.5
5077 0.5
5117 0.5
5137 0.5
5192 0.5
5221 0.5
5296 0.5
5313 0.5
5347 0.5
5376 0.5
5421 0.5
5534 0.5
5641 0.5
5686 0.5
5699 0.5
5723 0.5
5743 0.5
5767 0.5
5817 0.5
5841 0.5
5858 0.5
5877 0.5
5888 0.5
5921 0.5
6050 0.5
6181 0.5
6197 0.5
6270 0.5
6307 0.5
6405 0.5
6434 0.5
6455 0.5
6496 0.5
6502 0.5
6546 0.5
6613 0.5
6711 0.5
6716 0.5
6730 0.5
6782 0.5
6794 0.5
6851 0.5
6855 0.5
6963 0.5
7032 0.5
7103 0.5
7173 0.5
7210 0.5
7284 0.5
7314 0.5
7445 0.5
7459 0.5
7498 0.5
7512 0.5
7527 0.5
7608 0.5
7693 0.5
7750 0.5
7751 0.5
7801 0.5
7844 0.5
7848 0.5
7907 0.5
7979 0.5
8071 0.5
8108 0.5
8125 0.5
8167 0.5
8241 0.5
8252 0.5
8267 0.5
8354 0.5
8377 0.5
8397 0.5
8413 0.5
8421 0.5
8428 0.5
8452 0.5
8568 0.5
8589 0.5
8636 0.5
8666 0.5
8679 0.5
8703 0.5
8714 0.5
8718 0.5
8822 0.5
8850 0.5
8976 0.5
8987 0.5
9048 0.5
9144 0.5
9167 0.5
9175 0.5
9197 0.5
9231 0.5
9232 0.5
9236 0.5
9340 0.5
9356 0.5
9364 0.5
9440 0.5
9505 0.5
9603 0.5
9679 0.5
9688 0.5
9707 0.5
9763 0.5
9793 0.5
9813 0.5
9873 0.5
9913 0.5
9921 0.5
9932 0.5
141 0.46153846153846156
2380 0.46153846153846156
6562 0.46153846153846156
6582 0.46153846153846156
855 0.45454545454545453
1931 0.45454545454545453
2709 0.45454545454545453
2722 0.45454545454545453
2781 0.45454545454545453
2869 0.45454545454545453
7419 0.45454545454545453
8411 0.45454545454545453
9194 0.45454545454545453
9686 0.45454545454545453
3 0.4444444444444444
17 0.4444444444444444
37 0.4444444444444444
524 0.4444444444444444
545 0.4444444444444444
626 0.4444444444444444
771 0.4444444444444444
875 0.4444444444444444
881 0.4444444444444444
965 0.4444444444444444
1065 0.4444444444444444
1082 0.4444444444444444
1105 0.4444444444444444
1172 0.4444444444444444
1176 0.4444444444444444
1227 0.4444444444444444
1232 0.4444444444444444
1274 0.4444444444444444
1298 0.4444444444444444
1322 0.4444444444444444
1372 0.4444444444444444
1436 0.4444444444444444
1454 0.4444444444444444
1590 0.4444444444444444
1613 0.4444444444444444
1670 0.4444444444444444
1719 0.4444444444444444
2100 0.4444444444444444
2146 0.4444444444444444
2151 0.4444444444444444
2209 0.4444444444444444
2263 0.4444444444444444
2312 0.4444444444444444
2329 0.4444444444444444
2340 0.4444444444444444
2563 0.4444444444444444
2586 0.4444444444444444
2672 0.4444444444444444
2679 0.4444444444444444
2690 0.4444444444444444
2763 0.4444444444444444
2831 0.4444444444444444
2947 0.4444444444444444
2958 0.4444444444444444
2965 0.4444444444444444
3119 0.4444444444444444
3126 0.4444444444444444
3134 0.4444444444444444
3289 0.4444444444444444
3366 0.4444444444444444
3379 0.4444444444444444
3425 0.4444444444444444
3433 0.4444444444444444
3467 0.4444444444444444
3581 0.4444444444444444
3585 0.4444444444444444
3601 0.4444444444444444
3625 0.4444444444444444
3662 0.4444444444444444
3706 0.4444444444444444
3718 0.4444444444444444
3806 0.4444444444444444
3813 0.4444444444444444
3816 0.4444444444444444
3861 0.4444444444444444
3974 0.4444444444444444
4075 0.4444444444444444
4081 0.4444444444444444
4145 0.4444444444444444
4215 0.4444444444444444
4235 0.4444444444444444
4401 0.4444444444444444
4424 0.4444444444444444
4573 0.4444444444444444
4614 0.4444444444444444
4665 0.4444444444444444
4697 0.4444444444444444
4779 0.4444444444444444
4904 0.4444444444444444
5102 0.4444444444444444
5130 0.4444444444444444
5154 0.4444444444444444
5200 0.4444444444444444
5201 0.4444444444444444
5223 0.4444444444444444
5316 0.4444444444444444
5328 0.4444444444444444
5391 0.4444444444444444
5517 0.4444444444444444
5616 0.4444444444444444
5667 0.4444444444444444
5705 0.4444444444444444
5707 0.4444444444444444
5783 0.4444444444444444
5875 0.4444444444444444
5893 0.4444444444444444
5906 0.4444444444444444
6006 0.4444444444444444
6109 0.4444444444444444
6185 0.4444444444444444
6304 0.4444444444444444
6445 0.4444444444444444
6523 0.4444444444444444
6590 0.4444444444444444
6591 0.4444444444444444
6740 0.4444444444444444
6850 0.4444444444444444
6902 0.4444444444444444
6907 0.4444444444444444
6953 0.4444444444444444
7013 0.4444444444444444
7101 0.4444444444444444
7168 0.4444444444444444
7304 0.4444444444444444
7420 0.4444444444444444
7455 0.4444444444444444
7514 0.4444444444444444
7565 0.4444444444444444
7654 0.4444444444444444
7663 0.4444444444444444
7666 0.4444444444444444
7706 0.4444444444444444
7854 0.4444444444444444
7903 0.4444444444444444
8002 0.4444444444444444
8028 0.4444444444444444
8056 0.4444444444444444
8197 0.4444444444444444
8212 0.4444444444444444
8339 0.4444444444444444
8346 0.4444444444444444
8352 0.4444444444444444
8388 0.4444444444444444
8461 0.4444444444444444
8516 0.4444444444444444
8683 0.4444444444444444
8720 0.4444444444444444
8751 0.4444444444444444
8835 0.4444444444444444
8849 0.4444444444444444
8864 0.4444444444444444
9081 0.4444444444444444
9174 0.4444444444444444
9177 0.4444444444444444
9216 0.4444444444444444
9230 0.4444444444444444
9238 0.4444444444444444
9251 0.4444444444444444
9286 0.4444444444444444
9339 0.4444444444444444
9354 0.4444444444444444
9428 0.4444444444444444
9493 0.4444444444444444
9529 0.4444444444444444
9537 0.4444444444444444
9687 0.4444444444444444
9786 0.4444444444444444
9924 0.4444444444444444
9966 0.4444444444444444
60 0.42857142857142855
147 0.42857142857142855
208 0.42857142857142855
302 0.42857142857142855
360 0.42857142857142855
434 0.42857142857142855
439 0.42857142857142855
498 0.42857142857142855
625 0.42857142857142855
765 0.42857142857142855
766 0.42857142857142855
772 0.42857142857142855
791 0.42857142857142855
851 0.42857142857142855
860 0.42857142857142855
1124 0.42857142857142855
1343 0.42857142857142855
1424 0.42857142857142855
1495 0.42857142857142855
1527 0.42857142857142855
1546 0.42857142857142855
1653 0.42857142857142855
1868 0.42857142857142855
1871 0.42857142857142855
2432 0.42857142857142855
2588 0.42857142857142855
2649 0.42857142857142855
2683 0.42857142857142855
2749 0.42857142857142855
2816 0.42857142857142855
2838 0.42857142857142855
2840 0.42857142857142855
3011 0.42857142857142855
3114 0.42857142857142855
3141 0.42857142857142855
3226 0.42857142857142855
3239 0.42857142857142855
3346 0.42857142857142855
3358 0.42857142857142855
3446 0.42857142857142855
3482 0.42857142857142855
3484 0.42857142857142855
3497 0.42857142857142855
3520 0.42857142857142855
3668 0.42857142857142855
3749 0.42857142857142855
3767 0.42857142857142855
3803 0.42857142857142855
3943 0.42857142857142855
4193 0.42857142857142855
4227 0.42857142857142855
4242 0.42857142857142855
4290 0.42857142857142855
4321 0.42857142857142855
4340 0.42857142857142855
4348 0.42857142857142855
4700 0.42857142857142855
4791 0.42857142857142855
4970 0.42857142857142855
5054 0.42857142857142855
5087 0.42857142857142855
5186 0.42857142857142855
5311 0.42857142857142855
5390 0.42857142857142855
5430 0.42857142857142855
5556 0.42857142857142855
5672 0.42857142857142855
5896 0.42857142857142855
5902 0.42857142857142855
5986 0.42857142857142855
6003 0.42857142857142855
6111 0.42857142857142855
6134 0.42857142857142855
6210 0.42857142857142855
6316 0.42857142857142855
6470 0.42857142857142855
6484 0.42857142857142855
6668 0.42857142857142855
6762 0.42857142857142855
6834 0.42857142857142855
6878 0.42857142857142855
6981 0.42857142857142855
6987 0.42857142857142855
7080 0.42857142857142855
7091 0.42857142857142855
7151 0.42857142857142855
7158 0.42857142857142855
7179 0.42857142857142855
7266 0.42857142857142855
7425 0.42857142857142855
7442 0.42857142857142855
7587 0.42857142857142855
7792 0.42857142857142855
7812 0.42857142857142855
7840 0.42857142857142855
7862 0.42857142857142855
7989 0.42857142857142855
8057 0.42857142857142855
8119 0.42857142857142855
8211 0.42857142857142855
8284 0.42857142857142855
8359 0.42857142857142855
8378 0.42857142857142855
8383 0.42857142857142855
8423 0.42857142857142855
8522 0.42857142857142855
8739 0.42857142857142855
8889 0.42857142857142855
8912 0.42857142857142855
8930 0.42857142857142855
9119 0.42857142857142855
9244 0.42857142857142855
9370 0.42857142857142855
9772 0.42857142857142855
9989 0.42857142857142855
712 0.4166666666666667
952 0.4166666666666667
1366 0.4166666666666667
1815 0.4166666666666667
2272 0.4166666666666667
5099 0.4166666666666667
5241 0.4166666666666667
8039 0.4166666666666667
8576 0.4166666666666667
8881 0.4166666666666667
8953 0.4166666666666667
9349 0.4166666666666667
157 0.4
298 0.4
303 0.4
347 0.4
444 0.4
612 0.4
643 0.4
665 0.4
810 0.4
823 0.4
905 0.4
963 0.4
999 0.4
1103 0.4
1160 0.4
1182 0.4
1315 0.4
1346 0.4
1405 0.4
1438 0.4
1462 0.4
1503 0.4
1545 0.4
1572 0.4
1593 0.4
1610 0.4
1633 0.4
1671 0.4
1787 0.4
1808 0.4
1864 0.4
2003 0.4
2007 0.4
2046 0.4
2073 0.4
2131 0.4
2138 0.4
2157 0.4
2184 0.4
2205 0.4
2213 0.4
2233 0.4
2234 0.4
2241 0.4
2286 0.4
2348 0.4
2372 0.4
2379 0.4
2421 0.4
2460 0.4
2633 0.4
2782 0.4
2957 0.4
2962 0.4
2966 0.4
2970 0.4
3259 0.4
3351 0.4
3355 0.4
3398 0.4
3449 0.4
3456 0.4
3527 0.4
3572 0.4
3697 0.4
3804 0.4
3856 0.4
3898 0.4
4063 0.4
4213 0.4
4244 0.4
4338 0.4
4341 0.4
4358 0.4
4421 0.4
4514 0.4
4631 0.4
4653 0.4
4867 0.4
4883 0.4
4901 0.4
4993 0.4
5048 0.4
5081 0.4
5114 0.4
5149 0.4
5165 0.4
5399 0.4
5555 0.4
5560 0.4
5799 0.4
5808 0.4
5974 0.4
6001 0.4
6057 0.4
6140 0.4
6144 0.4
6167 0.4
6280 0.4
6334 0.4
6338 0.4
6386 0.4
6551 0.4
6707 0.4
6894 0.4
7099 0.4
7125 0.4
7133 0.4
7175 0.4
7258 0.4
7722 0.4
7913 0.4
7996 0.4
8036 0.4
8120 0.4
8143 0.4
8188 0.4
8196 0.4
8204 0.4
8244 0.4
8246 0.4
8412 0.4
8416 0.4
8665 0.4
8784 0.4
8806 0.4
8826 0.4
8968 0.4
9015 0.4
9026 0.4
9028 0.4
9172 0.4
9248 0.4
9258 0.4
9312 0.4
9350 0.4
9401 0.4
9411 0.4
9417 0.4
9420 0.4
9423 0.4
9429 0.4
9454 0.4
9574 0.4
9636 0.4
9736 0.4
9745 0.4
9814 0.4
9877 0.4
9900 0.4
1218 0.38461538461538464
4082 0.38461538461538464
5601 0.38461538461538464
9104 0.38461538461538464
9209 0.38461538461538464
16 0.375
59 0.375
96 0.375
114 0.375
136 0.375
182 0.375
190 0.375
267 0.375
339 0.375
425 0.375
487 0.375
537 0.375
550 0.375
640 0.375
