5636 1.0
6384 1.0
8215 1.0
8484 1.0
3284 0.875
2275 0.8333333333333334
3447 0.8333333333333334
5085 0.8333333333333334
9356 0.8333333333333334
7863 0.8181818181818182
1197 0.8
1313 0.8
2936 0.8
7307 0.8
1361 0.7777777777777778
3911 0.7777777777777778
6506 0.7777777777777778
2008 0.75
2053 0.75
2740 0.75
3956 0.75
4048 0.75
5251 0.75
6019 0.75
6196 0.75
7317 0.75
7607 0.75
3756 0.7272727272727273
4693 0.7272727272727273
233 0.7142857142857143
694 0.7142857142857143
2093 0.7142857142857143
2161 0.7142857142857143
6573 0.7142857142857143
7218 0.7142857142857143
7278 0.7142857142857143
9768 0.7142857142857143
1435 0.7
2091 0.7
3603 0.7
4933 0.7
9069 0.7
255 0.6666666666666666
941 0.6666666666666666
1408 0.6666666666666666
2001 0.6666666666666666
3330 0.6666666666666666
3742 0.6666666666666666
3949 0.6666666666666666
4744 0.6666666666666666
5301 0.6666666666666666
5425 0.6666666666666666
6796 0.6666666666666666
7237 0.6666666666666666
7238 0.6666666666666666
7411 0.6666666666666666
7502 0.6666666666666666
7729 0.6666666666666666
7771 0.6666666666666666
7887 0.6666666666666666
7962 0.6666666666666666
8222 0.6666666666666666
8399 0.6666666666666666
8863 0.6666666666666666
9154 0.6666666666666666
9586 0.6666666666666666
9690 0.6666666666666666
9779 0.6666666666666666
9919 0.6666666666666666
924 0.6363636363636364
6986 0.6363636363636364
8151 0.6363636363636364
878 0.625
2324 0.625
2344 0.625
4892 0.625
6665 0.625
6733 0.625
9165 0.625
2943 0.6153846153846154
6674 0.6153846153846154
610 0.6
2258 0.6
2396 0.6
2507 0.6
3906 0.6
4991 0.6
5123 0.6
5380 0.6
5665 0.6
6162 0.6
9383 0.6
9900 0.6
248 0.5714285714285714
285 0.5714285714285714
640 0.5714285714285714
665 0.5714285714285714
687 0.5714285714285714
1211 0.5714285714285714
1485 0.5714285714285714
1536 0.5714285714285714
1640 0.5714285714285714
1869 0.5714285714285714
2103 0.5714285714285714
2317 0.5714285714285714
2471 0.5714285714285714
3048 0.5714285714285714
3920 0.5714285714285714
4147 0.5714285714285714
4151 0.5714285714285714
4157 0.5714285714285714
4668 0.5714285714285714
5246 0.5714285714285714
6056 0.5714285714285714
6180 0.5714285714285714
6369 0.5714285714285714
6430 0.5714285714285714
6472 0.5714285714285714
6502 0.5714285714285714
6895 0.5714285714285714
6920 0.5714285714285714
7176 0.5714285714285714
7231 0.5714285714285714
7537 0.5714285714285714
7619 0.5714285714285714
7677 0.5714285714285714
7897 0.5714285714285714
7992 0.5714285714285714
8301 0.5714285714285714
8470 0.5714285714285714
8872 0.5714285714285714
9140 0.5714285714285714
9214 0.5714285714285714
9309 0.5714285714285714
9405 0.5714285714285714
9524 0.5714285714285714
9598 0.5714285714285714
9653 0.5714285714285714
9934 0.5714285714285714
1387 0.5555555555555556
3197 0.5555555555555556
6949 0.5555555555555556
2199 0.5454545454545454
164 0.5
252 0.5
396 0.5
559 0.5
740 0.5
744 0.5
870 0.5
914 0.5
930 0.5
964 0.5
978 0.5
988 0.5
1026 0.5
1049 0.5
1074 0.5
1112 0.5
1256 0.5
1466 0.5
1857 0.5
2046 0.5
2133 0.5
2487 0.5
2490 0.5
2516 0.5
2548 0.5
2822 0.5
2960 0.5
2979 0.5
3215 0.5
3348 0.5
3350 0.5
3485 0.5
3498 0.5
3569 0.5
3580 0.5
3707 0.5
3845 0.5
3847 0.5
3863 0.5
3933 0.5
4005 0.5
4075 0.5
4139 0.5
4287 0.5
4312 0.5
4408 0.5
4545 0.5
4906 0.5
5383 0.5
5762 0.5
5793 0.5
5989 0.5
6020 0.5
6263 0.5
6300 0.5
6409 0.5
6445 0.5
6498 0.5
6501 0.5
6527 0.5
6604 0.5
6613 0.5
6790 0.5
6833 0.5
7124 0.5
7352 0.5
7668 0.5
7877 0.5
7914 0.5
8087 0.5
8093 0.5
8105 0.5
8150 0.5
8293 0.5
8323 0.5
8452 0.5
8629 0.5
8841 0.5
8845 0.5
9145 0.5
9275 0.5
9436 0.5
9531 0.5
9575 0.5
9755 0.5
882 0.45454545454545453
1549 0.45454545454545453
5261 0.45454545454545453
7965 0.45454545454545453
8104 0.45454545454545453
77 0.4444444444444444
278 0.4444444444444444
455 0.4444444444444444
1215 0.4444444444444444
1345 0.4444444444444444
1474 0.4444444444444444
1502 0.4444444444444444
1599 0.4444444444444444
1602 0.4444444444444444
1831 0.4444444444444444
2659 0.4444444444444444
2708 0.4444444444444444
3275 0.4444444444444444
3340 0.4444444444444444
3433 0.4444444444444444
3670 0.4444444444444444
4054 0.4444444444444444
4084 0.4444444444444444
4319 0.4444444444444444
4536 0.4444444444444444
4656 0.4444444444444444
4801 0.4444444444444444
4867 0.4444444444444444
5275 0.4444444444444444
5279 0.4444444444444444
5368 0.4444444444444444
5377 0.4444444444444444
5475 0.4444444444444444
5479 0.4444444444444444
5768 0.4444444444444444
5921 0.4444444444444444
5962 0.4444444444444444
6126 0.4444444444444444
6452 0.4444444444444444
6630 0.4444444444444444
6789 0.4444444444444444
6913 0.4444444444444444
7077 0.4444444444444444
7132 0.4444444444444444
7265 0.4444444444444444
7421 0.4444444444444444
7708 0.4444444444444444
7849 0.4444444444444444
7902 0.4444444444444444
8157 0.4444444444444444
8538 0.4444444444444444
8625 0.4444444444444444
8663 0.4444444444444444
8769 0.4444444444444444
8803 0.4444444444444444
9109 0.4444444444444444
9351 0.4444444444444444
9455 0.4444444444444444
9762 0.4444444444444444
9808 0.4444444444444444
9827 0.4444444444444444
235 0.42857142857142855
547 0.42857142857142855
960 0.42857142857142855
1171 0.42857142857142855
1379 0.42857142857142855
1469 0.42857142857142855
1499 0.42857142857142855
1759 0.42857142857142855
1770 0.42857142857142855
1834 0.42857142857142855
2078 0.42857142857142855
2134 0.42857142857142855
2203 0.42857142857142855
2204 0.42857142857142855
2320 0.42857142857142855
2399 0.42857142857142855
2657 0.42857142857142855
2800 0.42857142857142855
2846 0.42857142857142855
3080 0.42857142857142855
3091 0.42857142857142855
3249 0.42857142857142855
3508 0.42857142857142855
3529 0.42857142857142855
3605 0.42857142857142855
3685 0.42857142857142855
4032 0.42857142857142855
4264 0.42857142857142855
4467 0.42857142857142855
5169 0.42857142857142855
5678 0.42857142857142855
5769 0.42857142857142855
5852 0.42857142857142855
6007 0.42857142857142855
6210 0.42857142857142855
6838 0.42857142857142855
6973 0.42857142857142855
7092 0.42857142857142855
7107 0.42857142857142855
7277 0.42857142857142855
7300 0.42857142857142855
7577 0.42857142857142855
8207 0.42857142857142855
8472 0.42857142857142855
8752 0.42857142857142855
8784 0.42857142857142855
8921 0.42857142857142855
8927 0.42857142857142855
9417 0.42857142857142855
9732 0.42857142857142855
9953 0.42857142857142855
9997 0.42857142857142855
819 0.4166666666666667
1685 0.4166666666666667
2402 0.4166666666666667
5588 0.4166666666666667
7714 0.4166666666666667
8145 0.4166666666666667
2245 0.4117647058823529
229 0.4
318 0.4
361 0.4
450 0.4
623 0.4
630 0.4
710 0.4
824 0.4
1052 0.4
1105 0.4
1199 0.4
1480 0.4
1517 0.4
1678 0.4
1680 0.4
2126 0.4
2248 0.4
2431 0.4
2465 0.4
2643 0.4
2970 0.4
3077 0.4
3351 0.4
3517 0.4
3585 0.4
3630 0.4
3719 0.4
3883 0.4
3938 0.4
3962 0.4
4332 0.4
4659 0.4
4676 0.4
4774 0.4
4881 0.4
4917 0.4
4942 0.4
4951 0.4
5488 0.4
6550 0.4
6935 0.4
7662 0.4
7710 0.4
8055 0.4
8203 0.4
9223 0.4
9332 0.4
9553 0.4
9615 0.4
9772 0.4
1162 0.38461538461538464
6286 0.38461538461538464
123 0.375
142 0.375
196 0.375
415 0.375
418 0.375
480 0.375
488 0.375
752 0.375
950 0.375
1093 0.375
1098 0.375
1179 0.375
1241 0.375
1280 0.375
1374 0.375
1402 0.375
1453 0.375
1456 0.375
1648 0.375
1651 0.375
1654 0.375
1701 0.375
1751 0.375
1768 0.375
1958 0.375
2050 0.375
2114 0.375
2192 0.375
2276 0.375
2356 0.375
2521 0.375
3248 0.375
3387 0.375
3402 0.375
3472 0.375
3539 0.375
3629 0.375
3652 0.375
3711 0.375
3981 0.375
4037 0.375
4080 0.375
4232 0.375
4293 0.375
4382 0.375
4736 0.375
4964 0.375
5030 0.375
5067 0.375
5081 0.375
5119 0.375
5255 0.375
5323 0.375
5414 0.375
5448 0.375
5454 0.375
5574 0.375
5620 0.375
5840 0.375
5873 0.375
6090 0.375
6242 0.375
6954 0.375
6980 0.375
7423 0.375
7669 0.375
7798 0.375
7946 0.375
7959 0.375
8162 0.375
8174 0.375
8177 0.375
8223 0.375
8523 0.375
8603 0.375
8620 0.375
8682 0.375
8988 0.375
9014 0.375
9251 0.375
9340 0.375
9456 0.375
9497 0.375
9512 0.375
9576 0.375
9878 0.375
9917 0.375
9922 0.375
58 0.36363636363636365
171 0.36363636363636365
829 0.36363636363636365
1081 0.36363636363636365
1253 0.36363636363636365
1804 0.36363636363636365
2249 0.36363636363636365
2327 0.36363636363636365
2383 0.36363636363636365
2408 0.36363636363636365
2726 0.36363636363636365
2831 0.36363636363636365
2858 0.36363636363636365
2933 0.36363636363636365
3024 0.36363636363636365
3026 0.36363636363636365
3511 0.36363636363636365
4065 0.36363636363636365
4103 0.36363636363636365
4413 0.36363636363636365
4421 0.36363636363636365
4832 0.36363636363636365
5003 0.36363636363636365
5155 0.36363636363636365
5727 0.36363636363636365
5796 0.36363636363636365
6106 0.36363636363636365
6177 0.36363636363636365
6403 0.36363636363636365
6431 0.36363636363636365
6545 0.36363636363636365
7233 0.36363636363636365
7249 0.36363636363636365
7308 0.36363636363636365
7471 0.36363636363636365
7490 0.36363636363636365
7826 0.36363636363636365
7870 0.36363636363636365
7944 0.36363636363636365
7971 0.36363636363636365
8182 0.36363636363636365
8368 0.36363636363636365
8424 0.36363636363636365
9147 0.36363636363636365
9304 0.36363636363636365
9310 0.36363636363636365
9439 0.36363636363636365
9707 0.36363636363636365
9889 0.36363636363636365
9895 0.36363636363636365
3494 0.35714285714285715
39 0.3333333333333333
42 0.3333333333333333
53 0.3333333333333333
153 0.3333333333333333
207 0.3333333333333333
294 0.3333333333333333
297 0.3333333333333333
312 0.3333333333333333
330 0.3333333333333333
401 0.3333333333333333
420 0.3333333333333333
505 0.3333333333333333
528 0.3333333333333333
545 0.3333333333333333
557 0.3333333333333333
567 0.3333333333333333
600 0.3333333333333333
609 0.3333333333333333
651 0.3333333333333333
669 0.3333333333333333
718 0.3333333333333333
720 0.3333333333333333
733 0.3333333333333333
742 0.3333333333333333
805 0.3333333333333333
908 0.3333333333333333
987 0.3333333333333333
1006 0.3333333333333333
1008 0.3333333333333333
1084 0.3333333333333333
1102 0.3333333333333333
1167 0.3333333333333333
1205 0.3333333333333333
1226 0.3333333333333333
1237 0.3333333333333333
1259 0.3333333333333333
1321 0.3333333333333333
1335 0.3333333333333333
1507 0.3333333333333333
1510 0.3333333333333333
1516 0.3333333333333333
1521 0.3333333333333333
1546 0.3333333333333333
1612 0.3333333333333333
1618 0.3333333333333333
1673 0.3333333333333333
1688 0.3333333333333333
1705 0.3333333333333333
1706 0.3333333333333333
1714 0.3333333333333333
1774 0.3333333333333333
1779 0.3333333333333333
1841 0.3333333333333333
1862 0.3333333333333333
1885 0.3333333333333333
1891 0.3333333333333333
1919 0.3333333333333333
1940 0.3333333333333333
1971 0.3333333333333333
2042 0.3333333333333333
2061 0.3333333333333333
2090 0.3333333333333333
2097 0.3333333333333333
2164 0.3333333333333333
2224 0.3333333333333333
2255 0.3333333333333333
2322 0.3333333333333333
2361 0.3333333333333333
2395 0.3333333333333333
2419 0.3333333333333333
2497 0.3333333333333333
2523 0.3333333333333333
2565 0.3333333333333333
2571 0.3333333333333333
2574 0.3333333333333333
2581 0.3333333333333333
2603 0.3333333333333333
2610 0.3333333333333333
2634 0.3333333333333333
2648 0.3333333333333333
2673 0.3333333333333333
2760 0.3333333333333333
2764 0.3333333333333333
2806 0.3333333333333333
2813 0.3333333333333333
2827 0.3333333333333333
2850 0.3333333333333333
2872 0.3333333333333333
2962 0.3333333333333333
2966 0.3333333333333333
3004 0.3333333333333333
3079 0.3333333333333333
3108 0.3333333333333333
3203 0.3333333333333333
3226 0.3333333333333333
3268 0.3333333333333333
3279 0.3333333333333333
3282 0.3333333333333333
3294 0.3333333333333333
3300 0.3333333333333333
3315 0.3333333333333333
3332 0.3333333333333333
3342 0.3333333333333333
3359 0.3333333333333333
3364 0.3333333333333333
3379 0.3333333333333333
3390 0.3333333333333333
3406 0.3333333333333333
3432 0.3333333333333333
3454 0.3333333333333333
3473 0.3333333333333333
3510 0.3333333333333333
3577 0.3333333333333333
3591 0.3333333333333333
3597 0.3333333333333333
3614 0.3333333333333333
3640 0.3333333333333333
3704 0.3333333333333333
3743 0.3333333333333333
3748 0.3333333333333333
3766 0.3333333333333333
3785 0.3333333333333333
3790 0.3333333333333333
3796 0.3333333333333333
3814 0.3333333333333333
3857 0.3333333333333333
3875 0.3333333333333333
3898 0.3333333333333333
3908 0.3333333333333333
3913 0.3333333333333333
3914 0.3333333333333333
3973 0.3333333333333333
4029 0.3333333333333333
4239 0.3333333333333333
4259 0.3333333333333333
4291 0.3333333333333333
4299 0.3333333333333333
4357 0.3333333333333333
4391 0.3333333333333333
4417 0.3333333333333333
4433 0.3333333333333333
4466 0.3333333333333333
4471 0.3333333333333333
4554 0.3333333333333333
4574 0.3333333333333333
4677 0.3333333333333333
4681 0.3333333333333333
4714 0.3333333333333333
4726 0.3333333333333333
4766 0.3333333333333333
4769 0.3333333333333333
4808 0.3333333333333333
4810 0.3333333333333333
4826 0.3333333333333333
4836 0.3333333333333333
4878 0.3333333333333333
4958 0.3333333333333333
4998 0.3333333333333333
5074 0.3333333333333333
5138 0.3333333333333333
5192 0.3333333333333333
5201 0.3333333333333333
5230 0.3333333333333333
5334 0.3333333333333333
5359 0.3333333333333333
5365 0.3333333333333333
5465 0.3333333333333333
5510 0.3333333333333333
5520 0.3333333333333333
5569 0.3333333333333333
5571 0.3333333333333333
5579 0.3333333333333333
5639 0.3333333333333333
5654 0.3333333333333333
5666 0.3333333333333333
5690 0.3333333333333333
5714 0.3333333333333333
5807 0.3333333333333333
5816 0.3333333333333333
5818 0.3333333333333333
5865 0.3333333333333333
5882 0.3333333333333333
5894 0.3333333333333333
5909 0.3333333333333333
5919 0.3333333333333333
5987 0.3333333333333333
6013 0.3333333333333333
6031 0.3333333333333333
6131 0.3333333333333333
6147 0.3333333333333333
6148 0.3333333333333333
6233 0.3333333333333333
6258 0.3333333333333333
6305 0.3333333333333333
6333 0.3333333333333333
6346 0.3333333333333333
6371 0.3333333333333333
6401 0.3333333333333333
6458 0.3333333333333333
6475 0.3333333333333333
6499 0.3333333333333333
6519 0.3333333333333333
6531 0.3333333333333333
6589 0.3333333333333333
6610 0.3333333333333333
6619 0.3333333333333333
6628 0.3333333333333333
6636 0.3333333333333333
6637 0.3333333333333333
6688 0.3333333333333333
6761 0.3333333333333333
6767 0.3333333333333333
6788 0.3333333333333333
6827 0.3333333333333333
6832 0.3333333333333333
6902 0.3333333333333333
6933 0.3333333333333333
6988 0.3333333333333333
7021 0.3333333333333333
7025 0.3333333333333333
7150 0.3333333333333333
7184 0.3333333333333333
7199 0.3333333333333333
7225 0.3333333333333333
7268 0.3333333333333333
7282 0.3333333333333333
7296 0.3333333333333333
7312 0.3333333333333333
7350 0.3333333333333333
7416 0.3333333333333333
7458 0.3333333333333333
7464 0.3333333333333333
7510 0.3333333333333333
7588 0.3333333333333333
7615 0.3333333333333333
7666 0.3333333333333333
7715 0.3333333333333333
7745 0.3333333333333333
7752 0.3333333333333333
7920 0.3333333333333333
7953 0.3333333333333333
7980 0.3333333333333333
8022 0.3333333333333333
8076 0.3333333333333333
8119 0.3333333333333333
8155 0.3333333333333333
8164 0.3333333333333333
8271 0.3333333333333333
8279 0.3333333333333333
8335 0.3333333333333333
8347 0.3333333333333333
8349 0.3333333333333333
8366 0.3333333333333333
8476 0.3333333333333333
8480 0.3333333333333333
8485 0.3333333333333333
8490 0.3333333333333333
8519 0.3333333333333333
8549 0.3333333333333333
8571 0.3333333333333333
8612 0.3333333333333333
8648 0.3333333333333333
8681 0.3333333333333333
8716 0.3333333333333333
8754 0.3333333333333333
8815 0.3333333333333333
8843 0.3333333333333333
8868 0.3333333333333333
8895 0.3333333333333333
8904 0.3333333333333333
8945 0.3333333333333333
8963 0.3333333333333333
8970 0.3333333333333333
9005 0.3333333333333333
9015 0.3333333333333333
9020 0.3333333333333333
9077 0.3333333333333333
9098 0.3333333333333333
9135 0.3333333333333333
9157 0.3333333333333333
9160 0.3333333333333333
9180 0.3333333333333333
9195 0.3333333333333333
9199 0.3333333333333333
9250 0.3333333333333333
9281 0.3333333333333333
9298 0.3333333333333333
9301 0.3333333333333333
9337 0.3333333333333333
9358 0.3333333333333333
9402 0.3333333333333333
9482 0.3333333333333333
9513 0.3333333333333333
9596 0.3333333333333333
9618 0.3333333333333333
9638 0.3333333333333333
9691 0.3333333333333333
9728 0.3333333333333333
9760 0.3333333333333333
9780 0.3333333333333333
9807 0.3333333333333333
9816 0.3333333333333333
9833 0.3333333333333333
9835 0.3333333333333333
9885 0.3333333333333333
9890 0.3333333333333333
9894 0.3333333333333333
9941 0.3333333333333333
9984 0.3333333333333333
9986 0.3333333333333333
9990 0.3333333333333333
314 0.3076923076923077
1944 0.3076923076923077
2040 0.3076923076923077
2339 0.3076923076923077
2483 0.3076923076923077
2705 0.3076923076923077
2899 0.3076923076923077
3469 0.3076923076923077
3495 0.3076923076923077
3499 0.3076923076923077
3641 0.3076923076923077
4318 0.3076923076923077
4425 0.3076923076923077
4540 0.3076923076923077
4938 0.3076923076923077
5016 0.3076923076923077
5127 0.3076923076923077
5197 0.3076923076923077
5584 0.3076923076923077
5660 0.3076923076923077
5808 0.3076923076923077
5941 0.3076923076923077
6045 0.3076923076923077
7304 0.3076923076923077
7509 0.3076923076923077
8113 0.3076923076923077
8114 0.3076923076923077
8131 0.3076923076923077
8891 0.3076923076923077
8912 0.3076923076923077
9718 0.3076923076923077
34 0.3
35 0.3
65 0.3
82 0.3
87 0.3
112 0.3
116 0.3
241 0.3
306 0.3
311 0.3
326 0.3
336 0.3
454 0.3
563 0.3
580 0.3
603 0.3
657 0.3
675 0.3
689 0.3
820 0.3
856 0.3
863 0.3
885 0.3
911 0.3
955 0.3
962 0.3
989 0.3
1001 0.3
1011 0.3
1071 0.3
1094 0.3
1140 0.3
1175 0.3
1181 0.3
1299 0.3
1309 0.3
1337 0.3
1380 0.3
1385 0.3
1415 0.3
1468 0.3
1559 0.3
1699 0.3
1738 0.3
1765 0.3
1766 0.3
1783 0.3
1826 0.3
1878 0.3
1879 0.3
1890 0.3
1898 0.3
1915 0.3
1956 0.3
1985 0.3
2045 0.3
2057 0.3
2109 0.3
2227 0.3
2238 0.3
2420 0.3
2429 0.3
2459 0.3
2477 0.3
2563 0.3
2627 0.3
2671 0.3
2677 0.3
2694 0.3
2762 0.3
2765 0.3
2789 0.3
2807 0.3
2935 0.3
2959 0.3
2964 0.3
2977 0.3
2988 0.3
3000 0.3
3104 0.3
3119 0.3
3157 0.3
3164 0.3
3233 0.3
3252 0.3
3319 0.3
3335 0.3
3358 0.3
3396 0.3
3401 0.3
3516 0.3
3524 0.3
3527 0.3
3541 0.3
3559 0.3
3578 0.3
3674 0.3
3713 0.3
3789 0.3
3882 0.3
3932 0.3
3951 0.3
3967 0.3
3969 0.3
3983 0.3
4003 0.3
4025 0.3
4116 0.3
4122 0.3
4156 0.3
4160 0.3
4164 0.3
4180 0.3
4183 0.3
4216 0.3
4226 0.3
4252 0.3
4283 0.3
4310 0.3
