9648 1.0
3789 0.9
6090 0.9
6960 0.9
3666 0.8888888888888888
4440 0.8888888888888888
9985 0.8888888888888888
632 0.875
1286 0.875
1915 0.875
9113 0.875
9470 0.875
9530 0.875
551 0.8571428571428571
3225 0.8571428571428571
5274 0.8571428571428571
5454 0.8571428571428571
8682 0.8571428571428571
7519 0.8333333333333334
9110 0.8333333333333334
5021 0.8181818181818182
5286 0.8181818181818182
7545 0.8181818181818182
9077 0.8181818181818182
18 0.8
409 0.8
544 0.8
748 0.8
1191 0.8
1904 0.8
3286 0.8
3328 0.8
3380 0.8
3985 0.8
4111 0.8
4425 0.8
4591 0.8
5793 0.8
6465 0.8
6947 0.8
8224 0.8
8437 0.8
8611 0.8
1891 0.7777777777777778
4682 0.7777777777777778
6534 0.7777777777777778
6651 0.7777777777777778
6767 0.7777777777777778
6995 0.7777777777777778
7045 0.7777777777777778
8865 0.7777777777777778
9200 0.7777777777777778
9358 0.7777777777777778
9635 0.7777777777777778
9973 0.7777777777777778
1250 0.75
1460 0.75
1652 0.75
2929 0.75
3281 0.75
4247 0.75
5016 0.75
6005 0.75
6244 0.75
6479 0.75
7573 0.75
8424 0.75
8662 0.75
8904 0.75
9211 0.75
183 0.7272727272727273
1473 0.7272727272727273
2380 0.7272727272727273
2482 0.7272727272727273
3174 0.7272727272727273
4215 0.7272727272727273
6857 0.7272727272727273
163 0.7142857142857143
1913 0.7142857142857143
2030 0.7142857142857143
2178 0.7142857142857143
3940 0.7142857142857143
4145 0.7142857142857143
4159 0.7142857142857143
4324 0.7142857142857143
5743 0.7142857142857143
5837 0.7142857142857143
6368 0.7142857142857143
8685 0.7142857142857143
2238 0.7
3941 0.7
5245 0.7
5828 0.7
8758 0.7
8912 0.7
144 0.6666666666666666
221 0.6666666666666666
349 0.6666666666666666
487 0.6666666666666666
554 0.6666666666666666
750 0.6666666666666666
793 0.6666666666666666
850 0.6666666666666666
928 0.6666666666666666
1243 0.6666666666666666
1267 0.6666666666666666
1409 0.6666666666666666
1417 0.6666666666666666
1543 0.6666666666666666
1796 0.6666666666666666
2104 0.6666666666666666
2196 0.6666666666666666
2220 0.6666666666666666
2445 0.6666666666666666
2473 0.6666666666666666
2675 0.6666666666666666
2797 0.6666666666666666
2824 0.6666666666666666
3226 0.6666666666666666
3419 0.6666666666666666
3494 0.6666666666666666
3639 0.6666666666666666
3743 0.6666666666666666
3767 0.6666666666666666
3783 0.6666666666666666
3894 0.6666666666666666
3927 0.6666666666666666
4121 0.6666666666666666
4130 0.6666666666666666
4349 0.6666666666666666
4496 0.6666666666666666
4513 0.6666666666666666
4724 0.6666666666666666
4778 0.6666666666666666
4781 0.6666666666666666
4823 0.6666666666666666
4855 0.6666666666666666
5057 0.6666666666666666
5168 0.6666666666666666
5346 0.6666666666666666
5483 0.6666666666666666
5621 0.6666666666666666
5633 0.6666666666666666
5766 0.6666666666666666
5781 0.6666666666666666
6361 0.6666666666666666
6410 0.6666666666666666
6424 0.6666666666666666
6445 0.6666666666666666
6606 0.6666666666666666
6833 0.6666666666666666
6862 0.6666666666666666
7091 0.6666666666666666
7141 0.6666666666666666
7246 0.6666666666666666
7499 0.6666666666666666
7682 0.6666666666666666
7719 0.6666666666666666
7864 0.6666666666666666
8066 0.6666666666666666
8067 0.6666666666666666
8093 0.6666666666666666
8234 0.6666666666666666
8606 0.6666666666666666
8707 0.6666666666666666
8798 0.6666666666666666
8930 0.6666666666666666
8994 0.6666666666666666
9036 0.6666666666666666
9166 0.6666666666666666
9519 0.6666666666666666
9644 0.6666666666666666
9660 0.6666666666666666
9673 0.6666666666666666
9677 0.6666666666666666
9678 0.6666666666666666
9941 0.6666666666666666
9961 0.6666666666666666
505 0.6363636363636364
1730 0.6363636363636364
2044 0.6363636363636364
2442 0.6363636363636364
2810 0.6363636363636364
5408 0.6363636363636364
7208 0.6363636363636364
7555 0.6363636363636364
7733 0.6363636363636364
8168 0.6363636363636364
1394 0.625
3798 0.625
4454 0.625
5003 0.625
5926 0.625
6068 0.625
7352 0.625
8454 0.625
8524 0.625
4685 0.6153846153846154
534 0.6
577 0.6
1106 0.6
1607 0.6
1618 0.6
1634 0.6
1858 0.6
2143 0.6
2780 0.6
2845 0.6
3375 0.6
4223 0.6
4963 0.6
5118 0.6
5236 0.6
6193 0.6
6654 0.6
6699 0.6
6958 0.6
7249 0.6
8097 0.6
8252 0.6
8412 0.6
8681 0.6
8989 0.6
9015 0.6
9312 0.6
9504 0.6
9600 0.6
9662 0.6
3138 0.5833333333333334
29 0.5714285714285714
257 0.5714285714285714
507 0.5714285714285714
611 0.5714285714285714
619 0.5714285714285714
677 0.5714285714285714
698 0.5714285714285714
1002 0.5714285714285714
1232 0.5714285714285714
1285 0.5714285714285714
1340 0.5714285714285714
1397 0.5714285714285714
1984 0.5714285714285714
2054 0.5714285714285714
2180 0.5714285714285714
2264 0.5714285714285714
2313 0.5714285714285714
2368 0.5714285714285714
2372 0.5714285714285714
2376 0.5714285714285714
2383 0.5714285714285714
2707 0.5714285714285714
2770 0.5714285714285714
2986 0.5714285714285714
3110 0.5714285714285714
3133 0.5714285714285714
3209 0.5714285714285714
3293 0.5714285714285714
3377 0.5714285714285714
3608 0.5714285714285714
3747 0.5714285714285714
3861 0.5714285714285714
3971 0.5714285714285714
4048 0.5714285714285714
4108 0.5714285714285714
4127 0.5714285714285714
4373 0.5714285714285714
4390 0.5714285714285714
4414 0.5714285714285714
4489 0.5714285714285714
4635 0.5714285714285714
4670 0.5714285714285714
4688 0.5714285714285714
4844 0.5714285714285714
4849 0.5714285714285714
4913 0.5714285714285714
5022 0.5714285714285714
5038 0.5714285714285714
5331 0.5714285714285714
5448 0.5714285714285714
5500 0.5714285714285714
5628 0.5714285714285714
5734 0.5714285714285714
5905 0.5714285714285714
6080 0.5714285714285714
6263 0.5714285714285714
6346 0.5714285714285714
6641 0.5714285714285714
6703 0.5714285714285714
6723 0.5714285714285714
6883 0.5714285714285714
6936 0.5714285714285714
7039 0.5714285714285714
7109 0.5714285714285714
7143 0.5714285714285714
7198 0.5714285714285714
7278 0.5714285714285714
7329 0.5714285714285714
7716 0.5714285714285714
7721 0.5714285714285714
7985 0.5714285714285714
7998 0.5714285714285714
8112 0.5714285714285714
8326 0.5714285714285714
8568 0.5714285714285714
8668 0.5714285714285714
8724 0.5714285714285714
8737 0.5714285714285714
8883 0.5714285714285714
8897 0.5714285714285714
9071 0.5714285714285714
9154 0.5714285714285714
9189 0.5714285714285714
9415 0.5714285714285714
9555 0.5714285714285714
9585 0.5714285714285714
9645 0.5714285714285714
9994 0.5714285714285714
78 0.5555555555555556
491 0.5555555555555556
816 0.5555555555555556
1204 0.5555555555555556
1927 0.5555555555555556
4284 0.5555555555555556
5036 0.5555555555555556
5342 0.5555555555555556
5849 0.5555555555555556
6897 0.5555555555555556
7430 0.5555555555555556
9223 0.5555555555555556
9772 0.5555555555555556
679 0.5454545454545454
943 0.5454545454545454
2941 0.5454545454545454
4656 0.5454545454545454
4779 0.5454545454545454
5862 0.5454545454545454
6087 0.5454545454545454
7465 0.5454545454545454
74 0.5
107 0.5
198 0.5
250 0.5
315 0.5
316 0.5
342 0.5
482 0.5
623 0.5
663 0.5
692 0.5
703 0.5
833 0.5
913 0.5
918 0.5
990 0.5
994 0.5
1114 0.5
1284 0.5
1420 0.5
1478 0.5
1484 0.5
1536 0.5
1550 0.5
1744 0.5
1760 0.5
1765 0.5
1785 0.5
1788 0.5
1809 0.5
1832 0.5
1857 0.5
1860 0.5
1919 0.5
1938 0.5
1939 0.5
1982 0.5
2049 0.5
2053 0.5
2096 0.5
2149 0.5
2189 0.5
2259 0.5
2405 0.5
2559 0.5
2698 0.5
2773 0.5
2825 0.5
2865 0.5
2942 0.5
3001 0.5
3014 0.5
3080 0.5
3152 0.5
3202 0.5
3210 0.5
3276 0.5
3288 0.5
3402 0.5
3425 0.5
3473 0.5
3489 0.5
3490 0.5
3528 0.5
3538 0.5
3580 0.5
3591 0.5
3603 0.5
3629 0.5
3672 0.5
3679 0.5
3761 0.5
3833 0.5
3908 0.5
3925 0.5
4009 0.5
4056 0.5
4089 0.5
4264 0.5
4310 0.5
4413 0.5
4601 0.5
4602 0.5
4684 0.5
4706 0.5
4726 0.5
4754 0.5
4882 0.5
5058 0.5
5063 0.5
5135 0.5
5164 0.5
5285 0.5
5310 0.5
5374 0.5
5397 0.5
5531 0.5
5576 0.5
5638 0.5
5672 0.5
5753 0.5
5777 0.5
5792 0.5
5808 0.5
5823 0.5
5840 0.5
5863 0.5
5868 0.5
5873 0.5
5896 0.5
5899 0.5
5924 0.5
5936 0.5
5943 0.5
6074 0.5
6135 0.5
6153 0.5
6158 0.5
6169 0.5
6205 0.5
6251 0.5
6322 0.5
6379 0.5
6418 0.5
6427 0.5
6446 0.5
6522 0.5
6569 0.5
6640 0.5
6747 0.5
6762 0.5
6785 0.5
6805 0.5
6882 0.5
6928 0.5
6990 0.5
7172 0.5
7220 0.5
7232 0.5
7251 0.5
7289 0.5
7349 0.5
7365 0.5
7370 0.5
7575 0.5
7657 0.5
7674 0.5
7686 0.5
7699 0.5
7706 0.5
7761 0.5
7792 0.5
7818 0.5
8062 0.5
8120 0.5
8121 0.5
8143 0.5
8205 0.5
8493 0.5
8518 0.5
8591 0.5
8666 0.5
8749 0.5
8752 0.5
8953 0.5
9009 0.5
9131 0.5
9167 0.5
9236 0.5
9291 0.5
9309 0.5
9336 0.5
9364 0.5
9605 0.5
9623 0.5
9672 0.5
9767 0.5
9798 0.5
9802 0.5
9851 0.5
9863 0.5
9929 0.5
9955 0.5
9981 0.5
936 0.45454545454545453
1065 0.45454545454545453
1502 0.45454545454545453
2608 0.45454545454545453
2759 0.45454545454545453
3368 0.45454545454545453
3488 0.45454545454545453
3676 0.45454545454545453
3732 0.45454545454545453
3740 0.45454545454545453
3969 0.45454545454545453
4493 0.45454545454545453
7224 0.45454545454545453
7302 0.45454545454545453
7436 0.45454545454545453
9 0.4444444444444444
111 0.4444444444444444
223 0.4444444444444444
262 0.4444444444444444
320 0.4444444444444444
657 0.4444444444444444
775 0.4444444444444444
867 0.4444444444444444
944 0.4444444444444444
951 0.4444444444444444
969 0.4444444444444444
1032 0.4444444444444444
1041 0.4444444444444444
1060 0.4444444444444444
1068 0.4444444444444444
1069 0.4444444444444444
1140 0.4444444444444444
1183 0.4444444444444444
1229 0.4444444444444444
1331 0.4444444444444444
1482 0.4444444444444444
1588 0.4444444444444444
1601 0.4444444444444444
1817 0.4444444444444444
1849 0.4444444444444444
1902 0.4444444444444444
1979 0.4444444444444444
2003 0.4444444444444444
2015 0.4444444444444444
2108 0.4444444444444444
2118 0.4444444444444444
2128 0.4444444444444444
2162 0.4444444444444444
2215 0.4444444444444444
2364 0.4444444444444444
2391 0.4444444444444444
2458 0.4444444444444444
2502 0.4444444444444444
2508 0.4444444444444444
2642 0.4444444444444444
2689 0.4444444444444444
2747 0.4444444444444444
2820 0.4444444444444444
2835 0.4444444444444444
2837 0.4444444444444444
2855 0.4444444444444444
2907 0.4444444444444444
2951 0.4444444444444444
2972 0.4444444444444444
3030 0.4444444444444444
3067 0.4444444444444444
3077 0.4444444444444444
3144 0.4444444444444444
3208 0.4444444444444444
3243 0.4444444444444444
3331 0.4444444444444444
3530 0.4444444444444444
3581 0.4444444444444444
3657 0.4444444444444444
3670 0.4444444444444444
3690 0.4444444444444444
3693 0.4444444444444444
3757 0.4444444444444444
3839 0.4444444444444444
3849 0.4444444444444444
4021 0.4444444444444444
4077 0.4444444444444444
4114 0.4444444444444444
4128 0.4444444444444444
4139 0.4444444444444444
4235 0.4444444444444444
4317 0.4444444444444444
4333 0.4444444444444444
4439 0.4444444444444444
4515 0.4444444444444444
4542 0.4444444444444444
4562 0.4444444444444444
4576 0.4444444444444444
4609 0.4444444444444444
4648 0.4444444444444444
4708 0.4444444444444444
4740 0.4444444444444444
4782 0.4444444444444444
4829 0.4444444444444444
5130 0.4444444444444444
5147 0.4444444444444444
5302 0.4444444444444444
5541 0.4444444444444444
5587 0.4444444444444444
5636 0.4444444444444444
5814 0.4444444444444444
5891 0.4444444444444444
6033 0.4444444444444444
6165 0.4444444444444444
6176 0.4444444444444444
6238 0.4444444444444444
6302 0.4444444444444444
6335 0.4444444444444444
6355 0.4444444444444444
6356 0.4444444444444444
6370 0.4444444444444444
6381 0.4444444444444444
6486 0.4444444444444444
6602 0.4444444444444444
6614 0.4444444444444444
6659 0.4444444444444444
6755 0.4444444444444444
6757 0.4444444444444444
6843 0.4444444444444444
6871 0.4444444444444444
6894 0.4444444444444444
7178 0.4444444444444444
7253 0.4444444444444444
7258 0.4444444444444444
7270 0.4444444444444444
7295 0.4444444444444444
7315 0.4444444444444444
7326 0.4444444444444444
7426 0.4444444444444444
7515 0.4444444444444444
7531 0.4444444444444444
7642 0.4444444444444444
7662 0.4444444444444444
7763 0.4444444444444444
7803 0.4444444444444444
7950 0.4444444444444444
7951 0.4444444444444444
7972 0.4444444444444444
8110 0.4444444444444444
8229 0.4444444444444444
8297 0.4444444444444444
8320 0.4444444444444444
8324 0.4444444444444444
8509 0.4444444444444444
8523 0.4444444444444444
8644 0.4444444444444444
8667 0.4444444444444444
8730 0.4444444444444444
8844 0.4444444444444444
8845 0.4444444444444444
8873 0.4444444444444444
8901 0.4444444444444444
8927 0.4444444444444444
9035 0.4444444444444444
9059 0.4444444444444444
9127 0.4444444444444444
9161 0.4444444444444444
9199 0.4444444444444444
9293 0.4444444444444444
9423 0.4444444444444444
9457 0.4444444444444444
9529 0.4444444444444444
9631 0.4444444444444444
9803 0.4444444444444444
9878 0.4444444444444444
7464 0.4375
36 0.42857142857142855
93 0.42857142857142855
106 0.42857142857142855
139 0.42857142857142855
147 0.42857142857142855
323 0.42857142857142855
334 0.42857142857142855
366 0.42857142857142855
397 0.42857142857142855
591 0.42857142857142855
844 0.42857142857142855
1056 0.42857142857142855
1090 0.42857142857142855
1213 0.42857142857142855
1381 0.42857142857142855
1570 0.42857142857142855
1818 0.42857142857142855
2025 0.42857142857142855
2419 0.42857142857142855
2565 0.42857142857142855
2741 0.42857142857142855
2751 0.42857142857142855
2924 0.42857142857142855
2964 0.42857142857142855
3150 0.42857142857142855
3224 0.42857142857142855
3363 0.42857142857142855
3453 0.42857142857142855
3468 0.42857142857142855
3515 0.42857142857142855
3579 0.42857142857142855
3759 0.42857142857142855
3893 0.42857142857142855
4185 0.42857142857142855
4212 0.42857142857142855
4357 0.42857142857142855
4381 0.42857142857142855
4483 0.42857142857142855
4526 0.42857142857142855
4649 0.42857142857142855
4696 0.42857142857142855
4852 0.42857142857142855
4875 0.42857142857142855
4876 0.42857142857142855
4902 0.42857142857142855
4955 0.42857142857142855
4956 0.42857142857142855
4971 0.42857142857142855
5006 0.42857142857142855
5141 0.42857142857142855
5170 0.42857142857142855
5196 0.42857142857142855
5238 0.42857142857142855
5276 0.42857142857142855
5387 0.42857142857142855
5446 0.42857142857142855
5554 0.42857142857142855
5562 0.42857142857142855
5654 0.42857142857142855
5747 0.42857142857142855
5783 0.42857142857142855
5811 0.42857142857142855
5855 0.42857142857142855
5895 0.42857142857142855
5903 0.42857142857142855
5906 0.42857142857142855
6010 0.42857142857142855
6030 0.42857142857142855
6151 0.42857142857142855
6157 0.42857142857142855
6357 0.42857142857142855
6416 0.42857142857142855
6516 0.42857142857142855
6625 0.42857142857142855
6852 0.42857142857142855
7004 0.42857142857142855
7336 0.42857142857142855
7432 0.42857142857142855
7617 0.42857142857142855
7673 0.42857142857142855
7727 0.42857142857142855
7782 0.42857142857142855
7866 0.42857142857142855
7932 0.42857142857142855
8020 0.42857142857142855
8086 0.42857142857142855
8191 0.42857142857142855
8199 0.42857142857142855
8230 0.42857142857142855
8445 0.42857142857142855
8598 0.42857142857142855
8663 0.42857142857142855
8801 0.42857142857142855
9002 0.42857142857142855
9045 0.42857142857142855
9070 0.42857142857142855
9076 0.42857142857142855
9240 0.42857142857142855
9283 0.42857142857142855
9461 0.42857142857142855
9521 0.42857142857142855
9541 0.42857142857142855
9570 0.42857142857142855
9757 0.42857142857142855
9790 0.42857142857142855
9834 0.42857142857142855
9899 0.42857142857142855
9963 0.42857142857142855
9999 0.42857142857142855
773 0.4166666666666667
1007 0.4166666666666667
2252 0.4166666666666667
3115 0.4166666666666667
3671 0.4166666666666667
5504 0.4166666666666667
6673 0.4166666666666667
8295 0.4166666666666667
8433 0.4166666666666667
9270 0.4166666666666667
9684 0.4166666666666667
9711 0.4166666666666667
16 0.4
131 0.4
178 0.4
259 0.4
264 0.4
340 0.4
401 0.4
524 0.4
624 0.4
649 0.4
660 0.4
682 0.4
704 0.4
758 0.4
812 0.4
874 0.4
1029 0.4
1193 0.4
1251 0.4
1272 0.4
1302 0.4
1366 0.4
1384 0.4
1402 0.4
1405 0.4
1628 0.4
1724 0.4
1741 0.4
1880 0.4
1930 0.4
2027 0.4
2070 0.4
2111 0.4
2127 0.4
2177 0.4
2181 0.4
2182 0.4
2342 0.4
2343 0.4
2389 0.4
2396 0.4
2470 0.4
2494 0.4
2561 0.4
2648 0.4
2808 0.4
2847 0.4
3140 0.4
3192 0.4
3230 0.4
3294 0.4
3398 0.4
3408 0.4
3415 0.4
3532 0.4
3584 0.4
3601 0.4
3612 0.4
3801 0.4
3884 0.4
3892 0.4
3942 0.4
3946 0.4
4040 0.4
4161 0.4
4194 0.4
4229 0.4
4363 0.4
4471 0.4
4514 0.4
4595 0.4
4746 0.4
4909 0.4
4980 0.4
4996 0.4
5066 0.4
5080 0.4
5399 0.4
5519 0.4
5527 0.4
5553 0.4
5759 0.4
5760 0.4
5931 0.4
6109 0.4
6204 0.4
6439 0.4
6463 0.4
6571 0.4
6588 0.4
6791 0.4
6896 0.4
6998 0.4
7083 0.4
7115 0.4
7117 0.4
7193 0.4
7228 0.4
7385 0.4
7424 0.4
7445 0.4
7482 0.4
7646 0.4
7729 0.4
7840 0.4
7914 0.4
7926 0.4
7935 0.4
7936 0.4
7942 0.4
8005 0.4
8042 0.4
8177 0.4
8184 0.4
8288 0.4
8303 0.4
8344 0.4
8446 0.4
8484 0.4
8511 0.4
8570 0.4
8586 0.4
8609 0.4
8646 0.4
8826 0.4
8850 0.4
8864 0.4
8872 0.4
8879 0.4
8888 0.4
8967 0.4
8976 0.4
9049 0.4
9072 0.4
9190 0.4
9203 0.4
9235 0.4
9287 0.4
9377 0.4
9383 0.4
9700 0.4
9706 0.4
9733 0.4
9789 0.4
2384 0.38461538461538464
3873 0.38461538461538464
5305 0.38461538461538464
6511 0.38461538461538464
7086 0.38461538461538464
7197 0.38461538461538464
7546 0.38461538461538464
8819 0.38461538461538464
9692 0.38461538461538464
9873 0.38461538461538464
28 0.375
32 0.375
75 0.375
134 0.375
268 0.375
308 0.375
326 0.375
391 0.375
405 0.375
414 0.375
429 0.375
431 0.375
435 0.375
707 0.375
753 0.375
876 0.375
934 0.375
1046 0.375
1088 0.375
1143 0.375
1236 0.375
1269 0.375
1336 0.375
1372 0.375
1434 0.375
1446 0.375
1456 0.375
1555 0.375
1635 0.375
1643 0.375
1655 0.375
1671 0.375
