1051 1.0
1843 1.0
7448 1.0
8927 1.0
9521 1.0
1636 0.9
7618 0.9
2309 0.8888888888888888
9357 0.8888888888888888
603 0.875
1823 0.875
2653 0.875
3225 0.875
4573 0.875
2389 0.8571428571428571
7930 0.8571428571428571
8959 0.8571428571428571
9163 0.8571428571428571
9906 0.8571428571428571
838 0.8333333333333334
1917 0.8333333333333334
4487 0.8333333333333334
5019 0.8333333333333334
8648 0.8333333333333334
4235 0.8181818181818182
74 0.8
156 0.8
736 0.8
2159 0.8
2538 0.8
2719 0.8
2739 0.8
3151 0.8
3728 0.8
4350 0.8
4380 0.8
5722 0.8
6673 0.8
7086 0.8
7417 0.8
7558 0.8
8222 0.8
9616 0.8
9642 0.8
9768 0.8
294 0.7777777777777778
321 0.7777777777777778
1387 0.7777777777777778
2092 0.7777777777777778
3871 0.7777777777777778
6116 0.7777777777777778
7322 0.7777777777777778
8708 0.7777777777777778
9122 0.7777777777777778
9188 0.7777777777777778
494 0.75
614 0.75
2077 0.75
2684 0.75
3039 0.75
4656 0.75
6149 0.75
6346 0.75
6427 0.75
6573 0.75
7706 0.75
8354 0.75
8375 0.75
8604 0.75
9048 0.75
9443 0.75
461 0.7272727272727273
1457 0.7272727272727273
6289 0.7272727272727273
977 0.7142857142857143
1817 0.7142857142857143
3146 0.7142857142857143
6605 0.7142857142857143
8444 0.7142857142857143
9144 0.7142857142857143
1348 0.7
7364 0.7
7574 0.7
7611 0.7
8022 0.6923076923076923
72 0.6666666666666666
108 0.6666666666666666
190 0.6666666666666666
323 0.6666666666666666
560 0.6666666666666666
580 0.6666666666666666
582 0.6666666666666666
768 0.6666666666666666
786 0.6666666666666666
884 0.6666666666666666
922 0.6666666666666666
1138 0.6666666666666666
1191 0.6666666666666666
1219 0.6666666666666666
1229 0.6666666666666666
1304 0.6666666666666666
1521 0.6666666666666666
1985 0.6666666666666666
2082 0.6666666666666666
2188 0.6666666666666666
2263 0.6666666666666666
2324 0.6666666666666666
2432 0.6666666666666666
2518 0.6666666666666666
2549 0.6666666666666666
2643 0.6666666666666666
2843 0.6666666666666666
2905 0.6666666666666666
2951 0.6666666666666666
3123 0.6666666666666666
3651 0.6666666666666666
3790 0.6666666666666666
4029 0.6666666666666666
4158 0.6666666666666666
4197 0.6666666666666666
4470 0.6666666666666666
4509 0.6666666666666666
4572 0.6666666666666666
4605 0.6666666666666666
4624 0.6666666666666666
4799 0.6666666666666666
4894 0.6666666666666666
4920 0.6666666666666666
4939 0.6666666666666666
4970 0.6666666666666666
5263 0.6666666666666666
5331 0.6666666666666666
5353 0.6666666666666666
5354 0.6666666666666666
5394 0.6666666666666666
5551 0.6666666666666666
5796 0.6666666666666666
5805 0.6666666666666666
5873 0.6666666666666666
5949 0.6666666666666666
5953 0.6666666666666666
6071 0.6666666666666666
6151 0.6666666666666666
6388 0.6666666666666666
6471 0.6666666666666666
6562 0.6666666666666666
6923 0.6666666666666666
6942 0.6666666666666666
7059 0.6666666666666666
7197 0.6666666666666666
7243 0.6666666666666666
7257 0.6666666666666666
7283 0.6666666666666666
7406 0.6666666666666666
7430 0.6666666666666666
7689 0.6666666666666666
7695 0.6666666666666666
7801 0.6666666666666666
7806 0.6666666666666666
7813 0.6666666666666666
7901 0.6666666666666666
7923 0.6666666666666666
8366 0.6666666666666666
8379 0.6666666666666666
8525 0.6666666666666666
8567 0.6666666666666666
8736 0.6666666666666666
8884 0.6666666666666666
9089 0.6666666666666666
9164 0.6666666666666666
9220 0.6666666666666666
9227 0.6666666666666666
9331 0.6666666666666666
9509 0.6666666666666666
9560 0.6666666666666666
9630 0.6666666666666666
9644 0.6666666666666666
9760 0.6666666666666666
9825 0.6666666666666666
7069 0.6363636363636364
8702 0.6363636363636364
687 0.625
1511 0.625
2916 0.625
3002 0.625
4448 0.625
4884 0.625
4944 0.625
6571 0.625
6676 0.625
8468 0.625
9020 0.625
9453 0.625
9501 0.625
550 0.6153846153846154
824 0.6
1058 0.6
1754 0.6
2315 0.6
2906 0.6
2983 0.6
3172 0.6
3287 0.6
4341 0.6
5546 0.6
6006 0.6
6824 0.6
6948 0.6
7025 0.6
7717 0.6
9388 0.6
9771 0.6
839 0.5833333333333334
1376 0.5833333333333334
3453 0.5833333333333334
37 0.5714285714285714
118 0.5714285714285714
261 0.5714285714285714
263 0.5714285714285714
270 0.5714285714285714
372 0.5714285714285714
387 0.5714285714285714
434 0.5714285714285714
449 0.5714285714285714
711 0.5714285714285714
712 0.5714285714285714
997 0.5714285714285714
1014 0.5714285714285714
1196 0.5714285714285714
1277 0.5714285714285714
1301 0.5714285714285714
1333 0.5714285714285714
1352 0.5714285714285714
1474 0.5714285714285714
1637 0.5714285714285714
1795 0.5714285714285714
2005 0.5714285714285714
2098 0.5714285714285714
2200 0.5714285714285714
2206 0.5714285714285714
2250 0.5714285714285714
2346 0.5714285714285714
2347 0.5714285714285714
2398 0.5714285714285714
2427 0.5714285714285714
2434 0.5714285714285714
2447 0.5714285714285714
2453 0.5714285714285714
2462 0.5714285714285714
2551 0.5714285714285714
2601 0.5714285714285714
2778 0.5714285714285714
2860 0.5714285714285714
2937 0.5714285714285714
3277 0.5714285714285714
3375 0.5714285714285714
3438 0.5714285714285714
3588 0.5714285714285714
3603 0.5714285714285714
3632 0.5714285714285714
3744 0.5714285714285714
3825 0.5714285714285714
3944 0.5714285714285714
4097 0.5714285714285714
4127 0.5714285714285714
4142 0.5714285714285714
4513 0.5714285714285714
4547 0.5714285714285714
4670 0.5714285714285714
4793 0.5714285714285714
5037 0.5714285714285714
5058 0.5714285714285714
5086 0.5714285714285714
5102 0.5714285714285714
5177 0.5714285714285714
5257 0.5714285714285714
5280 0.5714285714285714
5288 0.5714285714285714
5454 0.5714285714285714
5674 0.5714285714285714
5731 0.5714285714285714
5736 0.5714285714285714
5748 0.5714285714285714
5828 0.5714285714285714
5888 0.5714285714285714
5971 0.5714285714285714
5999 0.5714285714285714
6098 0.5714285714285714
6501 0.5714285714285714
6590 0.5714285714285714
6616 0.5714285714285714
6626 0.5714285714285714
6692 0.5714285714285714
6843 0.5714285714285714
6857 0.5714285714285714
7092 0.5714285714285714
7115 0.5714285714285714
7300 0.5714285714285714
7320 0.5714285714285714
7436 0.5714285714285714
7467 0.5714285714285714
7632 0.5714285714285714
7641 0.5714285714285714
7733 0.5714285714285714
7797 0.5714285714285714
7969 0.5714285714285714
7992 0.5714285714285714
7994 0.5714285714285714
7996 0.5714285714285714
8138 0.5714285714285714
8154 0.5714285714285714
8165 0.5714285714285714
8175 0.5714285714285714
8194 0.5714285714285714
8275 0.5714285714285714
8651 0.5714285714285714
8675 0.5714285714285714
8727 0.5714285714285714
8772 0.5714285714285714
9085 0.5714285714285714
9182 0.5714285714285714
9183 0.5714285714285714
9215 0.5714285714285714
9330 0.5714285714285714
9691 0.5714285714285714
9846 0.5714285714285714
9880 0.5714285714285714
9931 0.5714285714285714
9970 0.5714285714285714
1091 0.5555555555555556
2261 0.5555555555555556
2652 0.5555555555555556
3055 0.5555555555555556
3948 0.5555555555555556
4048 0.5555555555555556
6205 0.5555555555555556
6722 0.5555555555555556
7175 0.5555555555555556
7449 0.5555555555555556
8281 0.5555555555555556
125 0.5454545454545454
495 0.5454545454545454
890 0.5454545454545454
940 0.5454545454545454
4246 0.5454545454545454
5251 0.5454545454545454
5553 0.5454545454545454
7871 0.5454545454545454
8182 0.5454545454545454
9280 0.5454545454545454
9787 0.5454545454545454
16 0.5
78 0.5
94 0.5
113 0.5
203 0.5
304 0.5
341 0.5
358 0.5
361 0.5
380 0.5
436 0.5
462 0.5
476 0.5
561 0.5
569 0.5
715 0.5
720 0.5
760 0.5
777 0.5
803 0.5
820 0.5
859 0.5
869 0.5
889 0.5
894 0.5
897 0.5
1008 0.5
1025 0.5
1034 0.5
1072 0.5
1082 0.5
1083 0.5
1096 0.5
1212 0.5
1354 0.5
1404 0.5
1412 0.5
1420 0.5
1484 0.5
1719 0.5
1901 0.5
1961 0.5
1979 0.5
2012 0.5
2272 0.5
2395 0.5
2426 0.5
2441 0.5
2464 0.5
2525 0.5
2595 0.5
2605 0.5
2685 0.5
2693 0.5
2834 0.5
2926 0.5
3074 0.5
3082 0.5
3230 0.5
3231 0.5
3267 0.5
3357 0.5
3379 0.5
3483 0.5
3504 0.5
3508 0.5
3616 0.5
3645 0.5
3658 0.5
3747 0.5
3781 0.5
3843 0.5
3866 0.5
3915 0.5
3918 0.5
3992 0.5
4046 0.5
4095 0.5
4121 0.5
4138 0.5
4147 0.5
4196 0.5
4383 0.5
4427 0.5
4566 0.5
4600 0.5
4648 0.5
4696 0.5
4742 0.5
4781 0.5
4782 0.5
4917 0.5
4982 0.5
5094 0.5
5124 0.5
5153 0.5
5193 0.5
5277 0.5
5375 0.5
5412 0.5
5420 0.5
5489 0.5
5585 0.5
5631 0.5
5684 0.5
5745 0.5
5769 0.5
5817 0.5
5967 0.5
6059 0.5
6083 0.5
6157 0.5
6228 0.5
6237 0.5
6244 0.5
6298 0.5
6304 0.5
6312 0.5
6337 0.5
6687 0.5
6820 0.5
6834 0.5
6897 0.5
6932 0.5
7002 0.5
7082 0.5
7084 0.5
7148 0.5
7211 0.5
7217 0.5
7219 0.5
7254 0.5
7378 0.5
7447 0.5
7502 0.5
7608 0.5
7609 0.5
7681 0.5
7713 0.5
7749 0.5
7832 0.5
7848 0.5
7933 0.5
8044 0.5
8090 0.5
8117 0.5
8180 0.5
8243 0.5
8296 0.5
8299 0.5
8305 0.5
8332 0.5
8389 0.5
8416 0.5
8432 0.5
8517 0.5
8576 0.5
8586 0.5
8800 0.5
8869 0.5
8925 0.5
9024 0.5
9070 0.5
9119 0.5
9137 0.5
9152 0.5
9168 0.5
9281 0.5
9393 0.5
9472 0.5
9488 0.5
9502 0.5
9505 0.5
9550 0.5
9555 0.5
9570 0.5
9615 0.5
9755 0.5
9809 0.5
9881 0.5
9887 0.5
9908 0.5
9919 0.5
168 0.46153846153846156
1022 0.46153846153846156
2128 0.46153846153846156
3916 0.46153846153846156
947 0.45454545454545453
1056 0.45454545454545453
1119 0.45454545454545453
1140 0.45454545454545453
1418 0.45454545454545453
1712 0.45454545454545453
2044 0.45454545454545453
3177 0.45454545454545453
4066 0.45454545454545453
4106 0.45454545454545453
5006 0.45454545454545453
6054 0.45454545454545453
6751 0.45454545454545453
6891 0.45454545454545453
7519 0.45454545454545453
35 0.4444444444444444
184 0.4444444444444444
368 0.4444444444444444
390 0.4444444444444444
450 0.4444444444444444
457 0.4444444444444444
477 0.4444444444444444
719 0.4444444444444444
773 0.4444444444444444
970 0.4444444444444444
1160 0.4444444444444444
1168 0.4444444444444444
1187 0.4444444444444444
1197 0.4444444444444444
1198 0.4444444444444444
1272 0.4444444444444444
1360 0.4444444444444444
1466 0.4444444444444444
1517 0.4444444444444444
1559 0.4444444444444444
1566 0.4444444444444444
1567 0.4444444444444444
1653 0.4444444444444444
1791 0.4444444444444444
1934 0.4444444444444444
2046 0.4444444444444444
2121 0.4444444444444444
2203 0.4444444444444444
2290 0.4444444444444444
2337 0.4444444444444444
2372 0.4444444444444444
2410 0.4444444444444444
2424 0.4444444444444444
2578 0.4444444444444444
2688 0.4444444444444444
2770 0.4444444444444444
2790 0.4444444444444444
2794 0.4444444444444444
2807 0.4444444444444444
2992 0.4444444444444444
3034 0.4444444444444444
3143 0.4444444444444444
3251 0.4444444444444444
3270 0.4444444444444444
3271 0.4444444444444444
3303 0.4444444444444444
3511 0.4444444444444444
3541 0.4444444444444444
3546 0.4444444444444444
3670 0.4444444444444444
3804 0.4444444444444444
3835 0.4444444444444444
3853 0.4444444444444444
3859 0.4444444444444444
3974 0.4444444444444444
4007 0.4444444444444444
4055 0.4444444444444444
4109 0.4444444444444444
4242 0.4444444444444444
4287 0.4444444444444444
4438 0.4444444444444444
4537 0.4444444444444444
4557 0.4444444444444444
4564 0.4444444444444444
4604 0.4444444444444444
4626 0.4444444444444444
4753 0.4444444444444444
4765 0.4444444444444444
4870 0.4444444444444444
4925 0.4444444444444444
5083 0.4444444444444444
5142 0.4444444444444444
5161 0.4444444444444444
5196 0.4444444444444444
5203 0.4444444444444444
5249 0.4444444444444444
5275 0.4444444444444444
5349 0.4444444444444444
5389 0.4444444444444444
5417 0.4444444444444444
5446 0.4444444444444444
5452 0.4444444444444444
5626 0.4444444444444444
5640 0.4444444444444444
5712 0.4444444444444444
5793 0.4444444444444444
5816 0.4444444444444444
5896 0.4444444444444444
5898 0.4444444444444444
5987 0.4444444444444444
6130 0.4444444444444444
6203 0.4444444444444444
6240 0.4444444444444444
6291 0.4444444444444444
6382 0.4444444444444444
6392 0.4444444444444444
6498 0.4444444444444444
6704 0.4444444444444444
6716 0.4444444444444444
6954 0.4444444444444444
6967 0.4444444444444444
6984 0.4444444444444444
7027 0.4444444444444444
7074 0.4444444444444444
7245 0.4444444444444444
7253 0.4444444444444444
7306 0.4444444444444444
7572 0.4444444444444444
7589 0.4444444444444444
7597 0.4444444444444444
7650 0.4444444444444444
7704 0.4444444444444444
7774 0.4444444444444444
7875 0.4444444444444444
7906 0.4444444444444444
7944 0.4444444444444444
7953 0.4444444444444444
7956 0.4444444444444444
7961 0.4444444444444444
8017 0.4444444444444444
8065 0.4444444444444444
8075 0.4444444444444444
8160 0.4444444444444444
8368 0.4444444444444444
8406 0.4444444444444444
8565 0.4444444444444444
8650 0.4444444444444444
8694 0.4444444444444444
8848 0.4444444444444444
8910 0.4444444444444444
8975 0.4444444444444444
8990 0.4444444444444444
9013 0.4444444444444444
9142 0.4444444444444444
9179 0.4444444444444444
9402 0.4444444444444444
9499 0.4444444444444444
9552 0.4444444444444444
9566 0.4444444444444444
9632 0.4444444444444444
9687 0.4444444444444444
9723 0.4444444444444444
9736 0.4444444444444444
9757 0.4444444444444444
9762 0.4444444444444444
9789 0.4444444444444444
9902 0.4444444444444444
9972 0.4444444444444444
109 0.42857142857142855
117 0.42857142857142855
169 0.42857142857142855
198 0.42857142857142855
347 0.42857142857142855
375 0.42857142857142855
443 0.42857142857142855
554 0.42857142857142855
558 0.42857142857142855
559 0.42857142857142855
633 0.42857142857142855
782 0.42857142857142855
798 0.42857142857142855
814 0.42857142857142855
899 0.42857142857142855
927 0.42857142857142855
1062 0.42857142857142855
1074 0.42857142857142855
1193 0.42857142857142855
1221 0.42857142857142855
1472 0.42857142857142855
1535 0.42857142857142855
1549 0.42857142857142855
1580 0.42857142857142855
1581 0.42857142857142855
1634 0.42857142857142855
1780 0.42857142857142855
1812 0.42857142857142855
1847 0.42857142857142855
1864 0.42857142857142855
1915 0.42857142857142855
2041 0.42857142857142855
2096 0.42857142857142855
2369 0.42857142857142855
2394 0.42857142857142855
2414 0.42857142857142855
2438 0.42857142857142855
2460 0.42857142857142855
2587 0.42857142857142855
2673 0.42857142857142855
2749 0.42857142857142855
2881 0.42857142857142855
2930 0.42857142857142855
2967 0.42857142857142855
3117 0.42857142857142855
3422 0.42857142857142855
3573 0.42857142857142855
3606 0.42857142857142855
3708 0.42857142857142855
3782 0.42857142857142855
3791 0.42857142857142855
3840 0.42857142857142855
3887 0.42857142857142855
3969 0.42857142857142855
3988 0.42857142857142855
4000 0.42857142857142855
4002 0.42857142857142855
4052 0.42857142857142855
4200 0.42857142857142855
4284 0.42857142857142855
4301 0.42857142857142855
4316 0.42857142857142855
4366 0.42857142857142855
4500 0.42857142857142855
4568 0.42857142857142855
4603 0.42857142857142855
4859 0.42857142857142855
5260 0.42857142857142855
5368 0.42857142857142855
5421 0.42857142857142855
5531 0.42857142857142855
5622 0.42857142857142855
5705 0.42857142857142855
5814 0.42857142857142855
5937 0.42857142857142855
6004 0.42857142857142855
6181 0.42857142857142855
6233 0.42857142857142855
6250 0.42857142857142855
6268 0.42857142857142855
6310 0.42857142857142855
6374 0.42857142857142855
6470 0.42857142857142855
6532 0.42857142857142855
6538 0.42857142857142855
6584 0.42857142857142855
6657 0.42857142857142855
6732 0.42857142857142855
6747 0.42857142857142855
6815 0.42857142857142855
6838 0.42857142857142855
6866 0.42857142857142855
6874 0.42857142857142855
6894 0.42857142857142855
6919 0.42857142857142855
6943 0.42857142857142855
6944 0.42857142857142855
6961 0.42857142857142855
6994 0.42857142857142855
7275 0.42857142857142855
7277 0.42857142857142855
7335 0.42857142857142855
7450 0.42857142857142855
7679 0.42857142857142855
7714 0.42857142857142855
7757 0.42857142857142855
7814 0.42857142857142855
8124 0.42857142857142855
8142 0.42857142857142855
8155 0.42857142857142855
8171 0.42857142857142855
8265 0.42857142857142855
8306 0.42857142857142855
8373 0.42857142857142855
8515 0.42857142857142855
8676 0.42857142857142855
8691 0.42857142857142855
8781 0.42857142857142855
8941 0.42857142857142855
9074 0.42857142857142855
9099 0.42857142857142855
9148 0.42857142857142855
9321 0.42857142857142855
9394 0.42857142857142855
9434 0.42857142857142855
9435 0.42857142857142855
9454 0.42857142857142855
9460 0.42857142857142855
9500 0.42857142857142855
9540 0.42857142857142855
9594 0.42857142857142855
9636 0.42857142857142855
9697 0.42857142857142855
9701 0.42857142857142855
9909 0.42857142857142855
9934 0.42857142857142855
9958 0.42857142857142855
9994 0.42857142857142855
220 0.4166666666666667
2687 0.4166666666666667
3847 0.4166666666666667
5860 0.4166666666666667
7534 0.4166666666666667
7724 0.4166666666666667
8357 0.4166666666666667
8877 0.4166666666666667
9390 0.4166666666666667
9494 0.4166666666666667
9504 0.4166666666666667
2 0.4
188 0.4
348 0.4
412 0.4
555 0.4
636 0.4
856 0.4
861 0.4
864 0.4
877 0.4
1088 0.4
1199 0.4
1306 0.4
1310 0.4
1403 0.4
1576 0.4
1617 0.4
1667 0.4
1694 0.4
1707 0.4
1722 0.4
1723 0.4
1807 0.4
1898 0.4
1922 0.4
1954 0.4
2027 0.4
2036 0.4
2071 0.4
2171 0.4
2316 0.4
2348 0.4
2366 0.4
2391 0.4
2397 0.4
2442 0.4
2461 0.4
2522 0.4
2536 0.4
2552 0.4
2625 0.4
2663 0.4
2724 0.4
2810 0.4
2817 0.4
2832 0.4
2838 0.4
2848 0.4
2891 0.4
2939 0.4
3069 0.4
3106 0.4
3154 0.4
3168 0.4
3171 0.4
3181 0.4
3182 0.4
3325 0.4
3427 0.4
3469 0.4
3570 0.4
3589 0.4
3623 0.4
3688 0.4
3783 0.4
3813 0.4
4053 0.4
4093 0.4
4208 0.4
4244 0.4
4312 0.4
4320 0.4
4535 0.4
4623 0.4
4664 0.4
4703 0.4
4749 0.4
4876 0.4
4919 0.4
4959 0.4
4991 0.4
5287 0.4
5291 0.4
5387 0.4
5472 0.4
5473 0.4
5477 0.4
5560 0.4
5575 0.4
5672 0.4
5699 0.4
5761 0.4
5988 0.4
6082 0.4
6092 0.4
6169 0.4
6195 0.4
6198 0.4
6272 0.4
6384 0.4
6397 0.4
6474 0.4
6531 0.4
6671 0.4
6767 0.4
6901 0.4
6907 0.4
6926 0.4
7127 0.4
7194 0.4
7218 0.4
7349 0.4
7413 0.4
7453 0.4
7477 0.4
7551 0.4
7595 0.4
7673 0.4
7754 0.4
7765 0.4
7924 0.4
7964 0.4
8026 0.4
8029 0.4
8052 0.4
8176 0.4
8201 0.4
8213 0.4
8252 0.4
8311 0.4
8370 0.4
8385 0.4
8415 0.4
8417 0.4
8473 0.4
8564 0.4
8581 0.4
8793 0.4
8806 0.4
8851 0.4
8905 0.4
8908 0.4
8933 0.4
9054 0.4
9063 0.4
9066 0.4
9071 0.4
9143 0.4
9162 0.4
9287 0.4
