180 1.0
455 1.0
3352 1.0
5695 1.0
6073 1.0
9725 1.0
174 0.9
1054 0.9
7933 0.9
6635 0.8888888888888888
58 0.875
1179 0.875
5495 0.875
8690 0.875
1456 0.8571428571428571
2399 0.8571428571428571
2817 0.8571428571428571
7382 0.8571428571428571
7828 0.8571428571428571
45 0.8333333333333334
1252 0.8333333333333334
1458 0.8333333333333334
3684 0.8333333333333334
8093 0.8333333333333334
3176 0.8181818181818182
5040 0.8181818181818182
9216 0.8181818181818182
258 0.8
532 0.8
852 0.8
1431 0.8
1522 0.8
1821 0.8
2766 0.8
3111 0.8
4115 0.8
4747 0.8
5052 0.8
5433 0.8
5796 0.8
6158 0.8
6871 0.8
7453 0.8
8044 0.8
8299 0.8
8509 0.8
9857 0.8
1379 0.7777777777777778
3362 0.7777777777777778
3712 0.7777777777777778
4802 0.7777777777777778
6257 0.7777777777777778
666 0.75
1038 0.75
2151 0.75
2437 0.75
3892 0.75
5568 0.75
5943 0.75
7444 0.75
7919 0.75
8062 0.75
8087 0.75
8651 0.75
8816 0.75
9664 0.75
53 0.7272727272727273
1051 0.7272727272727273
1776 0.7272727272727273
6263 0.7272727272727273
548 0.7142857142857143
1037 0.7142857142857143
1215 0.7142857142857143
4809 0.7142857142857143
5261 0.7142857142857143
6325 0.7142857142857143
7174 0.7142857142857143
7253 0.7142857142857143
7390 0.7142857142857143
8369 0.7142857142857143
8486 0.7142857142857143
9727 0.7142857142857143
9966 0.7142857142857143
1768 0.7
1968 0.7
3494 0.7
4996 0.7
6059 0.7
7582 0.7
8738 0.7
9337 0.7
2703 0.6923076923076923
37 0.6666666666666666
403 0.6666666666666666
462 0.6666666666666666
466 0.6666666666666666
567 0.6666666666666666
785 0.6666666666666666
795 0.6666666666666666
800 0.6666666666666666
909 0.6666666666666666
969 0.6666666666666666
973 0.6666666666666666
1134 0.6666666666666666
1153 0.6666666666666666
1488 0.6666666666666666
1501 0.6666666666666666
1586 0.6666666666666666
1678 0.6666666666666666
1728 0.6666666666666666
1798 0.6666666666666666
1824 0.6666666666666666
1849 0.6666666666666666
1944 0.6666666666666666
1979 0.6666666666666666
2079 0.6666666666666666
2092 0.6666666666666666
2104 0.6666666666666666
2109 0.6666666666666666
2130 0.6666666666666666
2189 0.6666666666666666
2279 0.6666666666666666
2344 0.6666666666666666
2400 0.6666666666666666
2486 0.6666666666666666
2621 0.6666666666666666
2677 0.6666666666666666
2711 0.6666666666666666
3170 0.6666666666666666
3342 0.6666666666666666
3351 0.6666666666666666
3369 0.6666666666666666
3435 0.6666666666666666
3443 0.6666666666666666
3469 0.6666666666666666
3595 0.6666666666666666
3653 0.6666666666666666
3655 0.6666666666666666
3804 0.6666666666666666
3844 0.6666666666666666
4352 0.6666666666666666
4375 0.6666666666666666
4571 0.6666666666666666
4624 0.6666666666666666
4703 0.6666666666666666
4896 0.6666666666666666
5095 0.6666666666666666
5114 0.6666666666666666
5196 0.6666666666666666
5436 0.6666666666666666
5466 0.6666666666666666
5512 0.6666666666666666
5543 0.6666666666666666
5687 0.6666666666666666
5824 0.6666666666666666
5861 0.6666666666666666
6353 0.6666666666666666
6428 0.6666666666666666
6514 0.6666666666666666
6692 0.6666666666666666
6748 0.6666666666666666
6819 0.6666666666666666
6942 0.6666666666666666
7025 0.6666666666666666
7096 0.6666666666666666
7392 0.6666666666666666
7536 0.6666666666666666
7680 0.6666666666666666
7903 0.6666666666666666
8066 0.6666666666666666
8168 0.6666666666666666
8254 0.6666666666666666
8372 0.6666666666666666
8419 0.6666666666666666
8440 0.6666666666666666
8446 0.6666666666666666
8479 0.6666666666666666
8485 0.6666666666666666
8574 0.6666666666666666
8891 0.6666666666666666
9040 0.6666666666666666
9049 0.6666666666666666
9058 0.6666666666666666
9189 0.6666666666666666
9256 0.6666666666666666
9258 0.6666666666666666
9315 0.6666666666666666
9569 0.6666666666666666
9902 0.6666666666666666
628 0.6363636363636364
4496 0.6363636363636364
4813 0.6363636363636364
6641 0.6363636363636364
1700 0.625
1965 0.625
2838 0.625
3524 0.625
4422 0.625
5138 0.625
6194 0.625
6250 0.625
6367 0.625
6474 0.625
6718 0.625
7007 0.625
7684 0.625
7839 0.625
7983 0.625
8129 0.625
8794 0.625
9072 0.625
9578 0.625
2595 0.6153846153846154
8221 0.6153846153846154
832 0.6
1449 0.6
2111 0.6
2166 0.6
2473 0.6
2590 0.6
3169 0.6
4249 0.6
4436 0.6
4635 0.6
4844 0.6
5806 0.6
6000 0.6
6002 0.6
6412 0.6
6487 0.6
6696 0.6
7029 0.6
7066 0.6
7367 0.6
7371 0.6
7515 0.6
8645 0.6
8956 0.6
9590 0.6
2138 0.5833333333333334
89 0.5714285714285714
379 0.5714285714285714
421 0.5714285714285714
422 0.5714285714285714
433 0.5714285714285714
646 0.5714285714285714
872 0.5714285714285714
1025 0.5714285714285714
1053 0.5714285714285714
1164 0.5714285714285714
1294 0.5714285714285714
1459 0.5714285714285714
1496 0.5714285714285714
1515 0.5714285714285714
1558 0.5714285714285714
1561 0.5714285714285714
1709 0.5714285714285714
1734 0.5714285714285714
1818 0.5714285714285714
1939 0.5714285714285714
1948 0.5714285714285714
1962 0.5714285714285714
1977 0.5714285714285714
2121 0.5714285714285714
2181 0.5714285714285714
2233 0.5714285714285714
2296 0.5714285714285714
2364 0.5714285714285714
2660 0.5714285714285714
2773 0.5714285714285714
2991 0.5714285714285714
3040 0.5714285714285714
3162 0.5714285714285714
3184 0.5714285714285714
3200 0.5714285714285714
3215 0.5714285714285714
3394 0.5714285714285714
3485 0.5714285714285714
3535 0.5714285714285714
3582 0.5714285714285714
3807 0.5714285714285714
3905 0.5714285714285714
4023 0.5714285714285714
4078 0.5714285714285714
4122 0.5714285714285714
4178 0.5714285714285714
4363 0.5714285714285714
4379 0.5714285714285714
4405 0.5714285714285714
4432 0.5714285714285714
4489 0.5714285714285714
4649 0.5714285714285714
4662 0.5714285714285714
4668 0.5714285714285714
4680 0.5714285714285714
4684 0.5714285714285714
4697 0.5714285714285714
4749 0.5714285714285714
4754 0.5714285714285714
4804 0.5714285714285714
4811 0.5714285714285714
4832 0.5714285714285714
4876 0.5714285714285714
4905 0.5714285714285714
5081 0.5714285714285714
5102 0.5714285714285714
5287 0.5714285714285714
5288 0.5714285714285714
5402 0.5714285714285714
5408 0.5714285714285714
5414 0.5714285714285714
5785 0.5714285714285714
5839 0.5714285714285714
6020 0.5714285714285714
6065 0.5714285714285714
6103 0.5714285714285714
6120 0.5714285714285714
6147 0.5714285714285714
6253 0.5714285714285714
6401 0.5714285714285714
6452 0.5714285714285714
6504 0.5714285714285714
6560 0.5714285714285714
6562 0.5714285714285714
6644 0.5714285714285714
6722 0.5714285714285714
6749 0.5714285714285714
6964 0.5714285714285714
7162 0.5714285714285714
7181 0.5714285714285714
7205 0.5714285714285714
7492 0.5714285714285714
7525 0.5714285714285714
7638 0.5714285714285714
7795 0.5714285714285714
7958 0.5714285714285714
8033 0.5714285714285714
8078 0.5714285714285714
8096 0.5714285714285714
8184 0.5714285714285714
8202 0.5714285714285714
8204 0.5714285714285714
8252 0.5714285714285714
8272 0.5714285714285714
8302 0.5714285714285714
8304 0.5714285714285714
8401 0.5714285714285714
8442 0.5714285714285714
8634 0.5714285714285714
8700 0.5714285714285714
8760 0.5714285714285714
8774 0.5714285714285714
8775 0.5714285714285714
8783 0.5714285714285714
8867 0.5714285714285714
9008 0.5714285714285714
9050 0.5714285714285714
9060 0.5714285714285714
9095 0.5714285714285714
9171 0.5714285714285714
9268 0.5714285714285714
9284 0.5714285714285714
9296 0.5714285714285714
9346 0.5714285714285714
9417 0.5714285714285714
9516 0.5714285714285714
9682 0.5714285714285714
9897 0.5714285714285714
18 0.5555555555555556
1103 0.5555555555555556
1514 0.5555555555555556
1738 0.5555555555555556
4262 0.5555555555555556
4800 0.5555555555555556
6581 0.5555555555555556
6681 0.5555555555555556
6761 0.5555555555555556
6858 0.5555555555555556
7092 0.5555555555555556
7408 0.5555555555555556
7630 0.5555555555555556
7673 0.5555555555555556
7874 0.5555555555555556
8032 0.5555555555555556
8201 0.5555555555555556
8244 0.5555555555555556
8383 0.5555555555555556
1433 0.5454545454545454
1812 0.5454545454545454
4092 0.5454545454545454
4972 0.5454545454545454
5236 0.5454545454545454
8944 0.5454545454545454
10 0.5
44 0.5
203 0.5
204 0.5
342 0.5
426 0.5
475 0.5
506 0.5
521 0.5
580 0.5
654 0.5
740 0.5
784 0.5
860 0.5
863 0.5
979 0.5
1141 0.5
1150 0.5
1180 0.5
1194 0.5
1212 0.5
1218 0.5
1247 0.5
1284 0.5
1310 0.5
1326 0.5
1401 0.5
1418 0.5
1424 0.5
1426 0.5
1589 0.5
1610 0.5
1659 0.5
1730 0.5
1731 0.5
1813 0.5
1826 0.5
1874 0.5
1895 0.5
1921 0.5
1974 0.5
2088 0.5
2107 0.5
2118 0.5
2133 0.5
2176 0.5
2295 0.5
2374 0.5
2413 0.5
2515 0.5
2523 0.5
2538 0.5
2565 0.5
2571 0.5
2632 0.5
2643 0.5
2682 0.5
2702 0.5
2717 0.5
2748 0.5
2823 0.5
2890 0.5
2893 0.5
2933 0.5
2945 0.5
2951 0.5
3029 0.5
3056 0.5
3059 0.5
3150 0.5
3187 0.5
3244 0.5
3248 0.5
3274 0.5
3277 0.5
3331 0.5
3361 0.5
3512 0.5
3574 0.5
3613 0.5
3649 0.5
3748 0.5
3830 0.5
3896 0.5
3934 0.5
3936 0.5
4003 0.5
4111 0.5
4120 0.5
4171 0.5
4273 0.5
4329 0.5
4373 0.5
4389 0.5
4476 0.5
4578 0.5
4580 0.5
4602 0.5
4615 0.5
4629 0.5
4700 0.5
4701 0.5
4717 0.5
4725 0.5
4757 0.5
5043 0.5
5342 0.5
5346 0.5
5364 0.5
5367 0.5
5372 0.5
5430 0.5
5494 0.5
5593 0.5
5598 0.5
5685 0.5
5739 0.5
5754 0.5
5810 0.5
5826 0.5
5860 0.5
5862 0.5
5916 0.5
5940 0.5
5968 0.5
6014 0.5
6023 0.5
6032 0.5
6151 0.5
6183 0.5
6243 0.5
6267 0.5
6338 0.5
6345 0.5
6347 0.5
6521 0.5
6639 0.5
6682 0.5
6745 0.5
6771 0.5
6775 0.5
6814 0.5
6883 0.5
6901 0.5
6905 0.5
6986 0.5
7021 0.5
7031 0.5
7075 0.5
7108 0.5
7190 0.5
7237 0.5
7280 0.5
7299 0.5
7328 0.5
7332 0.5
7336 0.5
7350 0.5
7406 0.5
7487 0.5
7517 0.5
7550 0.5
7580 0.5
7635 0.5
7685 0.5
7705 0.5
7854 0.5
7858 0.5
7863 0.5
7953 0.5
7969 0.5
8005 0.5
8006 0.5
8011 0.5
8012 0.5
8109 0.5
8179 0.5
8188 0.5
8354 0.5
8370 0.5
8371 0.5
8516 0.5
8587 0.5
8591 0.5
8726 0.5
8745 0.5
8755 0.5
8827 0.5
8828 0.5
8845 0.5
8918 0.5
9146 0.5
9316 0.5
9320 0.5
9338 0.5
9372 0.5
9379 0.5
9436 0.5
9464 0.5
9488 0.5
9527 0.5
9572 0.5
9689 0.5
9709 0.5
9712 0.5
9730 0.5
9818 0.5
9847 0.5
9854 0.5
9868 0.5
9903 0.5
9933 0.5
9938 0.5
9942 0.5
9945 0.5
1578 0.46153846153846156
1686 0.46153846153846156
2944 0.46153846153846156
5200 0.46153846153846156
384 0.45454545454545453
671 0.45454545454545453
1102 0.45454545454545453
3798 0.45454545454545453
4031 0.45454545454545453
4852 0.45454545454545453
4910 0.45454545454545453
5066 0.45454545454545453
5170 0.45454545454545453
5689 0.45454545454545453
6348 0.45454545454545453
7598 0.45454545454545453
9366 0.45454545454545453
9 0.4444444444444444
52 0.4444444444444444
153 0.4444444444444444
246 0.4444444444444444
361 0.4444444444444444
522 0.4444444444444444
665 0.4444444444444444
769 0.4444444444444444
771 0.4444444444444444
927 0.4444444444444444
938 0.4444444444444444
958 0.4444444444444444
976 0.4444444444444444
1004 0.4444444444444444
1074 0.4444444444444444
1087 0.4444444444444444
1235 0.4444444444444444
1272 0.4444444444444444
1276 0.4444444444444444
1297 0.4444444444444444
1359 0.4444444444444444
1511 0.4444444444444444
1525 0.4444444444444444
1559 0.4444444444444444
1636 0.4444444444444444
1656 0.4444444444444444
1900 0.4444444444444444
1922 0.4444444444444444
1959 0.4444444444444444
1994 0.4444444444444444
2026 0.4444444444444444
2032 0.4444444444444444
2224 0.4444444444444444
2291 0.4444444444444444
2315 0.4444444444444444
2345 0.4444444444444444
2361 0.4444444444444444
2415 0.4444444444444444
2503 0.4444444444444444
2520 0.4444444444444444
2526 0.4444444444444444
2624 0.4444444444444444
2696 0.4444444444444444
2768 0.4444444444444444
2770 0.4444444444444444
2812 0.4444444444444444
2843 0.4444444444444444
2882 0.4444444444444444
3034 0.4444444444444444
3093 0.4444444444444444
3227 0.4444444444444444
3258 0.4444444444444444
3281 0.4444444444444444
3292 0.4444444444444444
3363 0.4444444444444444
3515 0.4444444444444444
3549 0.4444444444444444
3590 0.4444444444444444
3759 0.4444444444444444
3872 0.4444444444444444
3947 0.4444444444444444
3994 0.4444444444444444
4059 0.4444444444444444
4067 0.4444444444444444
4125 0.4444444444444444
4133 0.4444444444444444
4193 0.4444444444444444
4197 0.4444444444444444
4346 0.4444444444444444
4391 0.4444444444444444
4410 0.4444444444444444
4457 0.4444444444444444
4463 0.4444444444444444
4470 0.4444444444444444
4483 0.4444444444444444
4502 0.4444444444444444
4563 0.4444444444444444
4614 0.4444444444444444
4634 0.4444444444444444
4656 0.4444444444444444
4696 0.4444444444444444
4776 0.4444444444444444
4920 0.4444444444444444
4984 0.4444444444444444
4992 0.4444444444444444
5103 0.4444444444444444
5180 0.4444444444444444
5205 0.4444444444444444
5239 0.4444444444444444
5255 0.4444444444444444
5296 0.4444444444444444
5298 0.4444444444444444
5401 0.4444444444444444
5421 0.4444444444444444
5522 0.4444444444444444
5548 0.4444444444444444
5978 0.4444444444444444
5998 0.4444444444444444
6031 0.4444444444444444
6062 0.4444444444444444
6209 0.4444444444444444
6258 0.4444444444444444
6271 0.4444444444444444
6339 0.4444444444444444
6341 0.4444444444444444
6371 0.4444444444444444
6400 0.4444444444444444
6507 0.4444444444444444
6542 0.4444444444444444
6547 0.4444444444444444
6779 0.4444444444444444
6837 0.4444444444444444
6961 0.4444444444444444
7001 0.4444444444444444
7050 0.4444444444444444
7137 0.4444444444444444
7259 0.4444444444444444
7417 0.4444444444444444
7489 0.4444444444444444
7605 0.4444444444444444
7722 0.4444444444444444
7767 0.4444444444444444
7807 0.4444444444444444
7853 0.4444444444444444
7873 0.4444444444444444
8090 0.4444444444444444
8116 0.4444444444444444
8121 0.4444444444444444
8180 0.4444444444444444
8208 0.4444444444444444
8211 0.4444444444444444
8242 0.4444444444444444
8307 0.4444444444444444
8328 0.4444444444444444
8339 0.4444444444444444
8343 0.4444444444444444
8346 0.4444444444444444
8568 0.4444444444444444
8569 0.4444444444444444
8652 0.4444444444444444
8708 0.4444444444444444
8714 0.4444444444444444
8907 0.4444444444444444
9029 0.4444444444444444
9031 0.4444444444444444
9042 0.4444444444444444
9081 0.4444444444444444
9142 0.4444444444444444
9233 0.4444444444444444
9369 0.4444444444444444
9418 0.4444444444444444
9652 0.4444444444444444
9744 0.4444444444444444
9778 0.4444444444444444
9800 0.4444444444444444
9801 0.4444444444444444
9850 0.4444444444444444
23 0.42857142857142855
196 0.42857142857142855
235 0.42857142857142855
287 0.42857142857142855
308 0.42857142857142855
375 0.42857142857142855
451 0.42857142857142855
457 0.42857142857142855
472 0.42857142857142855
515 0.42857142857142855
557 0.42857142857142855
858 0.42857142857142855
985 0.42857142857142855
1089 0.42857142857142855
1124 0.42857142857142855
1162 0.42857142857142855
1188 0.42857142857142855
1314 0.42857142857142855
1333 0.42857142857142855
1517 0.42857142857142855
1554 0.42857142857142855
1564 0.42857142857142855
1675 0.42857142857142855
1718 0.42857142857142855
1749 0.42857142857142855
1867 0.42857142857142855
1868 0.42857142857142855
1946 0.42857142857142855
2002 0.42857142857142855
2132 0.42857142857142855
2157 0.42857142857142855
2284 0.42857142857142855
2321 0.42857142857142855
2566 0.42857142857142855
2870 0.42857142857142855
2872 0.42857142857142855
2950 0.42857142857142855
3073 0.42857142857142855
3084 0.42857142857142855
3097 0.42857142857142855
3105 0.42857142857142855
3135 0.42857142857142855
3211 0.42857142857142855
3289 0.42857142857142855
3316 0.42857142857142855
3430 0.42857142857142855
3542 0.42857142857142855
3568 0.42857142857142855
3571 0.42857142857142855
3610 0.42857142857142855
3897 0.42857142857142855
3977 0.42857142857142855
4209 0.42857142857142855
4313 0.42857142857142855
4593 0.42857142857142855
4706 0.42857142857142855
4744 0.42857142857142855
4874 0.42857142857142855
4965 0.42857142857142855
5003 0.42857142857142855
5060 0.42857142857142855
5136 0.42857142857142855
5198 0.42857142857142855
5282 0.42857142857142855
5302 0.42857142857142855
5314 0.42857142857142855
5354 0.42857142857142855
5369 0.42857142857142855
5399 0.42857142857142855
5410 0.42857142857142855
5439 0.42857142857142855
5544 0.42857142857142855
5556 0.42857142857142855
5711 0.42857142857142855
5735 0.42857142857142855
5871 0.42857142857142855
6034 0.42857142857142855
6101 0.42857142857142855
6375 0.42857142857142855
6477 0.42857142857142855
6490 0.42857142857142855
6694 0.42857142857142855
6750 0.42857142857142855
6945 0.42857142857142855
6957 0.42857142857142855
6990 0.42857142857142855
6995 0.42857142857142855
7056 0.42857142857142855
7059 0.42857142857142855
7234 0.42857142857142855
7298 0.42857142857142855
7303 0.42857142857142855
7305 0.42857142857142855
7324 0.42857142857142855
7375 0.42857142857142855
7478 0.42857142857142855
7531 0.42857142857142855
7561 0.42857142857142855
7694 0.42857142857142855
7733 0.42857142857142855
7935 0.42857142857142855
7975 0.42857142857142855
7984 0.42857142857142855
7986 0.42857142857142855
7988 0.42857142857142855
8015 0.42857142857142855
8017 0.42857142857142855
8021 0.42857142857142855
8047 0.42857142857142855
8157 0.42857142857142855
8291 0.42857142857142855
8394 0.42857142857142855
8517 0.42857142857142855
8563 0.42857142857142855
8629 0.42857142857142855
8850 0.42857142857142855
8858 0.42857142857142855
8903 0.42857142857142855
8911 0.42857142857142855
9212 0.42857142857142855
9218 0.42857142857142855
9220 0.42857142857142855
9294 0.42857142857142855
9457 0.42857142857142855
9460 0.42857142857142855
9521 0.42857142857142855
9680 0.42857142857142855
9791 0.42857142857142855
9867 0.42857142857142855
9878 0.42857142857142855
9967 0.42857142857142855
9983 0.42857142857142855
998 0.4166666666666667
2101 0.4166666666666667
2225 0.4166666666666667
2626 0.4166666666666667
4970 0.4166666666666667
5182 0.4166666666666667
5318 0.4166666666666667
5616 0.4166666666666667
5893 0.4166666666666667
8167 0.4166666666666667
8529 0.4166666666666667
9222 0.4166666666666667
9437 0.4166666666666667
9656 0.4166666666666667
9677 0.4166666666666667
9852 0.4166666666666667
19 0.4
75 0.4
152 0.4
359 0.4
370 0.4
387 0.4
482 0.4
525 0.4
581 0.4
585 0.4
604 0.4
651 0.4
673 0.4
681 0.4
717 0.4
760 0.4
862 0.4
869 0.4
873 0.4
894 0.4
945 0.4
952 0.4
1014 0.4
1031 0.4
1069 0.4
1127 0.4
1156 0.4
1196 0.4
1282 0.4
1299 0.4
1305 0.4
1345 0.4
1528 0.4
1712 0.4
1723 0.4
1766 0.4
1815 0.4
1820 0.4
1880 0.4
1897 0.4
1913 0.4
1945 0.4
1957 0.4
2090 0.4
2102 0.4
2300 0.4
2324 0.4
2337 0.4
2465 0.4
2477 0.4
2564 0.4
2573 0.4
2585 0.4
2604 0.4
2612 0.4
2939 0.4
2985 0.4
3091 0.4
3126 0.4
3319 0.4
3420 0.4
3453 0.4
3636 0.4
3700 0.4
3739 0.4
3764 0.4
3800 0.4
3812 0.4
3839 0.4
3982 0.4
