357 1.0
734 0.9
92 0.8571428571428571
19 0.75
358 0.75
508 0.75
45 0.7272727272727273
39 0.7142857142857143
679 0.7
990 0.7
60 0.6666666666666666
89 0.6666666666666666
142 0.6666666666666666
210 0.6666666666666666
256 0.6666666666666666
332 0.6666666666666666
482 0.6666666666666666
575 0.6666666666666666
607 0.6666666666666666
693 0.6666666666666666
842 0.6666666666666666
720 0.625
263 0.6
374 0.6
667 0.6
770 0.6
247 0.5714285714285714
262 0.5714285714285714
307 0.5714285714285714
463 0.5714285714285714
471 0.5714285714285714
501 0.5714285714285714
520 0.5714285714285714
585 0.5714285714285714
625 0.5714285714285714
650 0.5714285714285714
723 0.5714285714285714
868 0.5714285714285714
277 0.5555555555555556
557 0.5555555555555556
979 0.5454545454545454
43 0.5
66 0.5
200 0.5
237 0.5
317 0.5
340 0.5
366 0.5
396 0.5
411 0.5
447 0.5
487 0.5
552 0.5
556 0.5
626 0.5
629 0.5
658 0.5
689 0.5
798 0.5
875 0.5
975 0.5
662 0.45454545454545453
102 0.4444444444444444
103 0.4444444444444444
347 0.4444444444444444
438 0.4444444444444444
601 0.4444444444444444
730 0.4444444444444444
739 0.4444444444444444
760 0.4444444444444444
768 0.4444444444444444
769 0.4444444444444444
869 0.4444444444444444
959 0.4444444444444444
989 0.4444444444444444
93 0.42857142857142855
341 0.42857142857142855
418 0.42857142857142855
422 0.42857142857142855
449 0.42857142857142855
462 0.42857142857142855
627 0.42857142857142855
793 0.42857142857142855
802 0.42857142857142855
806 0.42857142857142855
819 0.42857142857142855
988 0.42857142857142855
992 0.42857142857142855
3 0.4166666666666667
99 0.4166666666666667
713 0.4166666666666667
29 0.4
76 0.4
91 0.4
94 0.4
152 0.4
188 0.4
235 0.4
380 0.4
407 0.4
514 0.4
521 0.4
523 0.4
696 0.4
790 0.4
794 0.4
964 0.4
319 0.38461538461538464
117 0.375
130 0.375
141 0.375
197 0.375
203 0.375
255 0.375
264 0.375
295 0.375
334 0.375
360 0.375
371 0.375
414 0.375
465 0.375
530 0.375
543 0.375
548 0.375
593 0.375
645 0.375
657 0.375
665 0.375
674 0.375
685 0.375
752 0.375
805 0.375
865 0.375
874 0.375
918 0.375
932 0.375
106 0.36363636363636365
139 0.36363636363636365
384 0.36363636363636365
400 0.36363636363636365
576 0.36363636363636365
599 0.36363636363636365
619 0.36363636363636365
651 0.36363636363636365
669 0.36363636363636365
671 0.36363636363636365
672 0.36363636363636365
686 0.36363636363636365
731 0.36363636363636365
766 0.36363636363636365
796 0.36363636363636365
821 0.36363636363636365
848 0.36363636363636365
808 0.35714285714285715
885 0.35714285714285715
313 0.35294117647058826
6 0.3333333333333333
48 0.3333333333333333
49 0.3333333333333333
57 0.3333333333333333
63 0.3333333333333333
78 0.3333333333333333
80 0.3333333333333333
86 0.3333333333333333
87 0.3333333333333333
108 0.3333333333333333
109 0.3333333333333333
116 0.3333333333333333
131 0.3333333333333333
136 0.3333333333333333
145 0.3333333333333333
155 0.3333333333333333
161 0.3333333333333333
163 0.3333333333333333
169 0.3333333333333333
192 0.3333333333333333
216 0.3333333333333333
222 0.3333333333333333
223 0.3333333333333333
243 0.3333333333333333
274 0.3333333333333333
275 0.3333333333333333
281 0.3333333333333333
291 0.3333333333333333
296 0.3333333333333333
297 0.3333333333333333
326 0.3333333333333333
328 0.3333333333333333
394 0.3333333333333333
395 0.3333333333333333
397 0.3333333333333333
417 0.3333333333333333
419 0.3333333333333333
427 0.3333333333333333
444 0.3333333333333333
445 0.3333333333333333
451 0.3333333333333333
475 0.3333333333333333
489 0.3333333333333333
490 0.3333333333333333
515 0.3333333333333333
524 0.3333333333333333
536 0.3333333333333333
581 0.3333333333333333
584 0.3333333333333333
603 0.3333333333333333
604 0.3333333333333333
676 0.3333333333333333
684 0.3333333333333333
716 0.3333333333333333
717 0.3333333333333333
741 0.3333333333333333
744 0.3333333333333333
748 0.3333333333333333
773 0.3333333333333333
779 0.3333333333333333
817 0.3333333333333333
837 0.3333333333333333
852 0.3333333333333333
856 0.3333333333333333
862 0.3333333333333333
880 0.3333333333333333
906 0.3333333333333333
948 0.3333333333333333
952 0.3333333333333333
996 0.3333333333333333
23 0.3076923076923077
58 0.3076923076923077
151 0.3076923076923077
240 0.3076923076923077
413 0.3076923076923077
786 0.3076923076923077
791 0.3076923076923077
946 0.3076923076923077
18 0.3
25 0.3
54 0.3
74 0.3
111 0.3
118 0.3
127 0.3
137 0.3
138 0.3
158 0.3
172 0.3
183 0.3
224 0.3
229 0.3
258 0.3
260 0.3
