527 1.0
725 0.9
737 0.8888888888888888
867 0.8888888888888888
505 0.875
534 0.875
760 0.875
967 0.8571428571428571
428 0.8333333333333334
485 0.8333333333333334
494 0.8333333333333334
55 0.8181818181818182
33 0.8
72 0.8
561 0.8
939 0.8
197 0.7777777777777778
807 0.7777777777777778
556 0.75
948 0.75
273 0.7142857142857143
595 0.7142857142857143
62 0.7
555 0.7
73 0.6666666666666666
84 0.6666666666666666
114 0.6666666666666666
165 0.6666666666666666
232 0.6666666666666666
308 0.6666666666666666
311 0.6666666666666666
368 0.6666666666666666
473 0.6666666666666666
499 0.6666666666666666
557 0.6666666666666666
588 0.6666666666666666
597 0.6666666666666666
599 0.6666666666666666
689 0.6666666666666666
853 0.6666666666666666
890 0.6666666666666666
900 0.6666666666666666
264 0.6363636363636364
404 0.625
946 0.625
214 0.6
329 0.6
840 0.6
36 0.5714285714285714
38 0.5714285714285714
117 0.5714285714285714
126 0.5714285714285714
158 0.5714285714285714
198 0.5714285714285714
228 0.5714285714285714
241 0.5714285714285714
255 0.5714285714285714
288 0.5714285714285714
326 0.5714285714285714
340 0.5714285714285714
344 0.5714285714285714
353 0.5714285714285714
400 0.5714285714285714
403 0.5714285714285714
423 0.5714285714285714
432 0.5714285714285714
456 0.5714285714285714
523 0.5714285714285714
623 0.5714285714285714
627 0.5714285714285714
635 0.5714285714285714
648 0.5714285714285714
674 0.5714285714285714
761 0.5714285714285714
798 0.5714285714285714
803 0.5714285714285714
809 0.5714285714285714
814 0.5714285714285714
832 0.5714285714285714
949 0.5714285714285714
14 0.5555555555555556
271 0.5555555555555556
508 0.5555555555555556
625 0.5555555555555556
953 0.5384615384615384
5 0.5
39 0.5
49 0.5
64 0.5
103 0.5
107 0.5
138 0.5
167 0.5
186 0.5
191 0.5
194 0.5
196 0.5
210 0.5
218 0.5
226 0.5
242 0.5
249 0.5
277 0.5
306 0.5
313 0.5
350 0.5
366 0.5
389 0.5
437 0.5
496 0.5
504 0.5
513 0.5
522 0.5
545 0.5
632 0.5
645 0.5
655 0.5
687 0.5
700 0.5
718 0.5
732 0.5
769 0.5
818 0.5
864 0.5
876 0.5
877 0.5
902 0.5
972 0.5
115 0.45454545454545453
160 0.45454545454545453
509 0.45454545454545453
775 0.45454545454545453
7 0.4444444444444444
27 0.4444444444444444
54 0.4444444444444444
113 0.4444444444444444
130 0.4444444444444444
180 0.4444444444444444
225 0.4444444444444444
247 0.4444444444444444
285 0.4444444444444444
354 0.4444444444444444
412 0.4444444444444444
446 0.4444444444444444
482 0.4444444444444444
525 0.4444444444444444
593 0.4444444444444444
636 0.4444444444444444
657 0.4444444444444444
668 0.4444444444444444
693 0.4444444444444444
722 0.4444444444444444
824 0.4444444444444444
843 0.4444444444444444
921 0.4444444444444444
945 0.4444444444444444
974 0.4444444444444444
987 0.4444444444444444
19 0.42857142857142855
24 0.42857142857142855
75 0.42857142857142855
78 0.42857142857142855
95 0.42857142857142855
108 0.42857142857142855
119 0.42857142857142855
141 0.42857142857142855
170 0.42857142857142855
177 0.42857142857142855
189 0.42857142857142855
193 0.42857142857142855
212 0.42857142857142855
260 0.42857142857142855
280 0.42857142857142855
300 0.42857142857142855
322 0.42857142857142855
335 0.42857142857142855
438 0.42857142857142855
442 0.42857142857142855
455 0.42857142857142855
536 0.42857142857142855
540 0.42857142857142855
577 0.42857142857142855
586 0.42857142857142855
604 0.42857142857142855
677 0.42857142857142855
701 0.42857142857142855
728 0.42857142857142855
746 0.42857142857142855
791 0.42857142857142855
869 0.42857142857142855
879 0.42857142857142855
911 0.42857142857142855
922 0.42857142857142855
941 0.42857142857142855
944 0.42857142857142855
57 0.4
151 0.4
173 0.4
185 0.4
207 0.4
221 0.4
222 0.4
230 0.4
235 0.4
262 0.4
289 0.4
542 0.4
547 0.4
568 0.4
685 0.4
792 0.4
833 0.4
862 0.4
12 0.375
13 0.375
16 0.375
21 0.375
40 0.375
50 0.375
82 0.375
83 0.375
116 0.375
150 0.375
161 0.375
164 0.375
188 0.375
190 0.375
286 0.375
298 0.375
333 0.375
370 0.375
378 0.375
413 0.375
443 0.375
445 0.375
447 0.375
457 0.375
458 0.375
526 0.375
626 0.375
633 0.375
638 0.375
671 0.375
699 0.375
749 0.375
754 0.375
762 0.375
773 0.375
799 0.375
819 0.375
