700 1.0
445 0.7777777777777778
249 0.6666666666666666
816 0.6666666666666666
644 0.6153846153846154
18 0.6
193 0.5714285714285714
247 0.5714285714285714
364 0.5714285714285714
990 0.5714285714285714
9 0.5
188 0.5
527 0.5
563 0.5
641 0.5
592 0.45454545454545453
180 0.4444444444444444
476 0.4444444444444444
538 0.4444444444444444
747 0.4444444444444444
446 0.42857142857142855
752 0.4
789 0.4
85 0.375
479 0.375
650 0.375
144 0.36363636363636365
198 0.36363636363636365
367 0.36363636363636365
640 0.35714285714285715
878 0.35714285714285715
56 0.3333333333333333
112 0.3333333333333333
115 0.3333333333333333
153 0.3333333333333333
199 0.3333333333333333
298 0.3333333333333333
361 0.3333333333333333
438 0.3333333333333333
489 0.3333333333333333
510 0.3333333333333333
542 0.3333333333333333
605 0.3333333333333333
639 0.3333333333333333
646 0.3333333333333333
651 0.3333333333333333
692 0.3333333333333333
724 0.3333333333333333
737 0.3333333333333333
826 0.3333333333333333
886 0.3333333333333333
887 0.3333333333333333
963 0.3333333333333333
974 0.3333333333333333
979 0.3333333333333333
59 0.3076923076923077
100 0.3076923076923077
103 0.3076923076923077
107 0.3076923076923077
190 0.3076923076923077
205 0.3076923076923077
215 0.3076923076923077
417 0.3076923076923077
872 0.3076923076923077
993 0.3076923076923077
1 0.3
63 0.3
90 0.3
99 0.3
124 0.3
171 0.3
203 0.3
207 0.3
238 0.3
240 0.3
282 0.3
369 0.3
416 0.3
529 0.3
571 0.3
573 0.3
614 0.3
677 0.3
679 0.3
683 0.3
825 0.3
831 0.3
867 0.3
885 0.3
954 0.3
49 0.2857142857142857
64 0.2857142857142857
67 0.2857142857142857
94 0.2857142857142857
109 0.2857142857142857
128 0.2857142857142857
157 0.2857142857142857
165 0.2857142857142857
184 0.2857142857142857
212 0.2857142857142857
258 0.2857142857142857
301 0.2857142857142857
335 0.2857142857142857
360 0.2857142857142857
372 0.2857142857142857
412 0.2857142857142857
420 0.2857142857142857
428 0.2857142857142857
463 0.2857142857142857
533 0.2857142857142857
559 0.2857142857142857
613 0.2857142857142857
657 0.2857142857142857
767 0.2857142857142857
775 0.2857142857142857
813 0.2857142857142857
902 0.2857142857142857
907 0.2857142857142857
13 0.2727272727272727
24 0.2727272727272727
30 0.2727272727272727
114 0.2727272727272727
176 0.2727272727272727
179 0.2727272727272727
182 0.2727272727272727
197 0.2727272727272727
202 0.2727272727272727
218 0.2727272727272727
232 0.2727272727272727
251 0.2727272727272727
257 0.2727272727272727
366 0.2727272727272727
457 0.2727272727272727
468 0.2727272727272727
485 0.2727272727272727
532 0.2727272727272727
534 0.2727272727272727
622 0.2727272727272727
695 0.2727272727272727
735 0.2727272727272727
761 0.2727272727272727
791 0.2727272727272727
863 0.2727272727272727
879 0.2727272727272727
910 0.2727272727272727
913 0.2727272727272727
5 0.25
38 0.25
45 0.25
50 0.25
65 0.25
79 0.25
117 0.25
168 0.25
195 0.25
204 0.25
209 0.25
245 0.25
256 0.25
290 0.25
294 0.25
297 0.25
300 0.25
311 0.25
329 0.25
342 0.25
350 0.25
365 0.25
404 0.25
429 0.25
441 0.25
443 0.25
451 0.25
462 0.25
496 0.25
501 0.25
515 0.25
520 0.25
530 0.25
539 0.25
562 0.25
576 0.25
579 0.25
590 0.25
595 0.25
610 0.25
624 0.25
666 0.25
675 0.25
681 0.25
688 0.25
706 0.25
720 0.25
721 0.25
722 0.25
736 0.25
757 0.25
768 0.25
771 0.25
803 0.25
805 0.25
809 0.25
822 0.25
823 0.25
835 0.25
864 0.25
876 0.25
883 0.25
911 0.25
914 0.25
955 0.25
964 0.25
968 0.25
970 0.25
989 0.25
992 0.25
671 0.23529411764705882
15 0.23076923076923078
101 0.23076923076923078
127 0.23076923076923078
201 0.23076923076923078
224 0.23076923076923078
386 0.23076923076923078
391 0.23076923076923078
394 0.23076923076923078
399 0.23076923076923078
425 0.23076923076923078
439 0.23076923076923078
497 0.23076923076923078
524 0.23076923076923078
591 0.23076923076923078
690 0.23076923076923078
703 0.23076923076923078
733 0.23076923076923078
739 0.23076923076923078
754 0.23076923076923078
799 0.23076923076923078
870 0.23076923076923078
932 0.23076923076923078
948 0.23076923076923078
965 0.23076923076923078
969 0.23076923076923078
978 0.23076923076923078
4 0.2222222222222222
6 0.2222222222222222
12 0.2222222222222222
53 0.2222222222222222
61 0.2222222222222222
68 0.2222222222222222
125 0.2222222222222222
