17 0.875
601 0.875
747 0.75
507 0.7272727272727273
40 0.6666666666666666
114 0.6666666666666666
274 0.6666666666666666
568 0.6153846153846154
73 0.6
331 0.6
577 0.6
59 0.5714285714285714
90 0.5714285714285714
92 0.5714285714285714
159 0.5714285714285714
516 0.5714285714285714
732 0.5714285714285714
752 0.5714285714285714
763 0.5714285714285714
968 0.5714285714285714
123 0.5555555555555556
286 0.5555555555555556
199 0.5454545454545454
335 0.5384615384615384
37 0.5
67 0.5
82 0.5
97 0.5
246 0.5
324 0.5
365 0.5
391 0.5
523 0.5
565 0.5
659 0.5
741 0.5
757 0.5
765 0.5
912 0.5
372 0.4444444444444444
382 0.4444444444444444
388 0.4444444444444444
426 0.4444444444444444
466 0.4444444444444444
472 0.4444444444444444
497 0.4444444444444444
574 0.4444444444444444
753 0.4444444444444444
962 0.4444444444444444
16 0.42857142857142855
148 0.42857142857142855
238 0.42857142857142855
344 0.42857142857142855
390 0.42857142857142855
439 0.42857142857142855
635 0.42857142857142855
680 0.42857142857142855
707 0.42857142857142855
737 0.42857142857142855
764 0.42857142857142855
825 0.42857142857142855
849 0.42857142857142855
877 0.42857142857142855
891 0.42857142857142855
655 0.4166666666666667
98 0.4
170 0.4
196 0.4
262 0.4
471 0.4
694 0.4
810 0.4
32 0.375
86 0.375
176 0.375
378 0.375
449 0.375
458 0.375
484 0.375
485 0.375
560 0.375
579 0.375
637 0.375
717 0.375
833 0.375
905 0.375
955 0.375
8 0.36363636363636365
84 0.36363636363636365
273 0.36363636363636365
522 0.36363636363636365
606 0.36363636363636365
895 0.36363636363636365
0 0.3333333333333333
15 0.3333333333333333
22 0.3333333333333333
24 0.3333333333333333
29 0.3333333333333333
47 0.3333333333333333
57 0.3333333333333333
124 0.3333333333333333
185 0.3333333333333333
195 0.3333333333333333
267 0.3333333333333333
303 0.3333333333333333
370 0.3333333333333333
386 0.3333333333333333
392 0.3333333333333333
444 0.3333333333333333
456 0.3333333333333333
518 0.3333333333333333
521 0.3333333333333333
525 0.3333333333333333
550 0.3333333333333333
570 0.3333333333333333
590 0.3333333333333333
627 0.3333333333333333
683 0.3333333333333333
708 0.3333333333333333
718 0.3333333333333333
735 0.3333333333333333
751 0.3333333333333333
792 0.3333333333333333
794 0.3333333333333333
805 0.3333333333333333
871 0.3333333333333333
875 0.3333333333333333
920 0.3333333333333333
922 0.3333333333333333
954 0.3333333333333333
960 0.3333333333333333
997 0.3333333333333333
12 0.3076923076923077
43 0.3076923076923077
174 0.3076923076923077
327 0.3076923076923077
413 0.3076923076923077
693 0.3076923076923077
736 0.3076923076923077
2 0.3
44 0.3
49 0.3
54 0.3
61 0.3
72 0.3
91 0.3
111 0.3
120 0.3
136 0.3
143 0.3
175 0.3
226 0.3
241 0.3
276 0.3
282 0.3
313 0.3
367 0.3
395 0.3
403 0.3
431 0.3
469 0.3
482 0.3
487 0.3
491 0.3
496 0.3
529 0.3
542 0.3
558 0.3
575 0.3
593 0.3
603 0.3
609 0.3
636 0.3
698 0.3
711 0.3
715 0.3
719 0.3
725 0.3
769 0.3
776 0.3
882 0.3
883 0.3
896 0.3
53 0.2857142857142857
55 0.2857142857142857
78 0.2857142857142857
112 0.2857142857142857
197 0.2857142857142857
215 0.2857142857142857
266 0.2857142857142857
308 0.2857142857142857
326 0.2857142857142857
428 0.2857142857142857
483 0.2857142857142857
534 0.2857142857142857
552 0.2857142857142857
600 0.2857142857142857
605 0.2857142857142857
611 0.2857142857142857
645 0.2857142857142857
666 0.2857142857142857
720 0.2857142857142857
723 0.2857142857142857
742 0.2857142857142857
768 0.2857142857142857
786 0.2857142857142857
804 0.2857142857142857
826 0.2857142857142857
828 0.2857142857142857
838 0.2857142857142857
856 0.2857142857142857
861 0.2857142857142857
874 0.2857142857142857
876 0.2857142857142857
880 0.2857142857142857
890 0.2857142857142857
913 0.2857142857142857
914 0.2857142857142857
925 0.2857142857142857
928 0.2857142857142857
958 0.2857142857142857
857 0.2777777777777778
13 0.2727272727272727
14 0.2727272727272727
31 0.2727272727272727
87 0.2727272727272727
105 0.2727272727272727
117 0.2727272727272727
122 0.2727272727272727
130 0.2727272727272727
132 0.2727272727272727
134 0.2727272727272727
139 0.2727272727272727
146 0.2727272727272727
162 0.2727272727272727
173 0.2727272727272727
184 0.2727272727272727
191 0.2727272727272727
224 0.2727272727272727
229 0.2727272727272727
236 0.2727272727272727
240 0.2727272727272727
260 0.2727272727272727
270 0.2727272727272727
287 0.2727272727272727
299 0.2727272727272727
316 0.2727272727272727
323 0.2727272727272727
346 0.2727272727272727
353 0.2727272727272727
