455 1.0
809 0.9
160 0.8888888888888888
834 0.875
95 0.8571428571428571
239 0.8333333333333334
652 0.8333333333333334
962 0.8333333333333334
209 0.8181818181818182
48 0.8
143 0.8
626 0.8
627 0.8
908 0.8
972 0.8
27 0.7777777777777778
409 0.7777777777777778
549 0.7777777777777778
995 0.7777777777777778
78 0.75
490 0.75
609 0.75
643 0.75
458 0.7142857142857143
69 0.6666666666666666
124 0.6666666666666666
250 0.6666666666666666
306 0.6666666666666666
318 0.6666666666666666
431 0.6666666666666666
448 0.6666666666666666
616 0.6666666666666666
655 0.6666666666666666
738 0.6666666666666666
751 0.6666666666666666
797 0.6666666666666666
817 0.6666666666666666
855 0.6666666666666666
861 0.6666666666666666
865 0.6666666666666666
958 0.6666666666666666
43 0.6
179 0.6
378 0.6
599 0.6
765 0.6
80 0.5714285714285714
181 0.5714285714285714
192 0.5714285714285714
272 0.5714285714285714
292 0.5714285714285714
437 0.5714285714285714
483 0.5714285714285714
498 0.5714285714285714
501 0.5714285714285714
559 0.5714285714285714
805 0.5714285714285714
846 0.5714285714285714
913 0.5714285714285714
944 0.5714285714285714
961 0.5714285714285714
991 0.5714285714285714
303 0.5555555555555556
677 0.5555555555555556
849 0.5454545454545454
34 0.5
36 0.5
41 0.5
54 0.5
87 0.5
113 0.5
157 0.5
218 0.5
277 0.5
287 0.5
299 0.5
325 0.5
346 0.5
368 0.5
384 0.5
385 0.5
478 0.5
491 0.5
505 0.5
506 0.5
508 0.5
511 0.5
560 0.5
577 0.5
596 0.5
648 0.5
668 0.5
721 0.5
761 0.5
783 0.5
784 0.5
814 0.5
830 0.5
837 0.5
853 0.5
858 0.5
868 0.5
890 0.5
899 0.5
921 0.5
930 0.5
982 0.5
984 0.5
226 0.45454545454545453
362 0.45454545454545453
785 0.45454545454545453
73 0.4444444444444444
76 0.4444444444444444
85 0.4444444444444444
121 0.4444444444444444
123 0.4444444444444444
144 0.4444444444444444
229 0.4444444444444444
233 0.4444444444444444
352 0.4444444444444444
460 0.4444444444444444
479 0.4444444444444444
503 0.4444444444444444
530 0.4444444444444444
624 0.4444444444444444
647 0.4444444444444444
662 0.4444444444444444
786 0.4444444444444444
793 0.4444444444444444
857 0.4444444444444444
889 0.4444444444444444
920 0.4444444444444444
950 0.4444444444444444
957 0.4444444444444444
28 0.42857142857142855
149 0.42857142857142855
201 0.42857142857142855
259 0.42857142857142855
305 0.42857142857142855
488 0.42857142857142855
514 0.42857142857142855
533 0.42857142857142855
548 0.42857142857142855
588 0.42857142857142855
603 0.42857142857142855
633 0.42857142857142855
702 0.42857142857142855
773 0.42857142857142855
788 0.42857142857142855
802 0.42857142857142855
848 0.42857142857142855
851 0.42857142857142855
860 0.42857142857142855
909 0.42857142857142855
917 0.42857142857142855
16 0.4
39 0.4
63 0.4
77 0.4
126 0.4
131 0.4
153 0.4
170 0.4
244 0.4
311 0.4
358 0.4
363 0.4
388 0.4
422 0.4
426 0.4
466 0.4
484 0.4
546 0.4
552 0.4
696 0.4
715 0.4
757 0.4
787 0.4
835 0.4
839 0.4
856 0.4
873 0.4
927 0.4
936 0.4
938 0.4
940 0.4
969 0.4
997 0.4
781 0.38461538461538464
68 0.375
86 0.375
90 0.375
120 0.375
137 0.375
154 0.375
162 0.375
242 0.375
243 0.375
295 0.375
313 0.375
344 0.375
347 0.375
369 0.375
393 0.375
396 0.375
401 0.375
462 0.375
471 0.375
496 0.375
497 0.375
502 0.375
531 0.375
563 0.375
592 0.375
613 0.375
653 0.375
679 0.375
705 0.375
707 0.375
731 0.375
754 0.375
755 0.375
775 0.375
799 0.375
803 0.375
823 0.375
876 0.375
888 0.375
978 0.375
987 0.375
11 0.36363636363636365
21 0.36363636363636365
22 0.36363636363636365
146 0.36363636363636365
159 0.36363636363636365
200 0.36363636363636365
224 0.36363636363636365
240 0.36363636363636365
253 0.36363636363636365
413 0.36363636363636365
420 0.36363636363636365
450 0.36363636363636365
538 0.36363636363636365
574 0.36363636363636365
591 0.36363636363636365
614 0.36363636363636365
622 0.36363636363636365
665 0.36363636363636365
695 0.36363636363636365
870 0.36363636363636365
