94 1.0
173 1.0
336 1.0
337 1.0
176 0.8888888888888888
310 0.8888888888888888
171 0.875
494 0.875
182 0.8
222 0.8
549 0.8
677 0.7777777777777778
920 0.7777777777777778
548 0.75
555 0.75
655 0.75
440 0.7272727272727273
547 0.7272727272727273
984 0.7272727272727273
989 0.7142857142857143
751 0.7
835 0.7
3 0.6666666666666666
34 0.6666666666666666
100 0.6666666666666666
140 0.6666666666666666
167 0.6666666666666666
179 0.6666666666666666
183 0.6666666666666666
191 0.6666666666666666
223 0.6666666666666666
297 0.6666666666666666
302 0.6666666666666666
396 0.6666666666666666
399 0.6666666666666666
434 0.6666666666666666
492 0.6666666666666666
511 0.6666666666666666
519 0.6666666666666666
545 0.6666666666666666
566 0.6666666666666666
612 0.6666666666666666
780 0.6666666666666666
798 0.6666666666666666
833 0.6666666666666666
848 0.6666666666666666
861 0.6666666666666666
919 0.6666666666666666
944 0.6666666666666666
5 0.6363636363636364
452 0.6363636363636364
103 0.625
293 0.625
567 0.625
889 0.625
135 0.6
529 0.6
10 0.5714285714285714
18 0.5714285714285714
74 0.5714285714285714
81 0.5714285714285714
113 0.5714285714285714
251 0.5714285714285714
257 0.5714285714285714
366 0.5714285714285714
473 0.5714285714285714
493 0.5714285714285714
505 0.5714285714285714
513 0.5714285714285714
518 0.5714285714285714
530 0.5714285714285714
539 0.5714285714285714
627 0.5714285714285714
653 0.5714285714285714
716 0.5714285714285714
767 0.5714285714285714
795 0.5714285714285714
796 0.5714285714285714
879 0.5714285714285714
909 0.5714285714285714
933 0.5714285714285714
935 0.5714285714285714
978 0.5714285714285714
17 0.5555555555555556
351 0.5555555555555556
669 0.5555555555555556
1 0.5
54 0.5
137 0.5
152 0.5
165 0.5
180 0.5
227 0.5
237 0.5
239 0.5
243 0.5
262 0.5
266 0.5
276 0.5
288 0.5
289 0.5
306 0.5
352 0.5
369 0.5
374 0.5
407 0.5
424 0.5
472 0.5
533 0.5
587 0.5
607 0.5
609 0.5
624 0.5
634 0.5
640 0.5
664 0.5
713 0.5
735 0.5
760 0.5
776 0.5
828 0.5
839 0.5
844 0.5
850 0.5
856 0.5
869 0.5
878 0.5
881 0.5
883 0.5
884 0.5
897 0.5
910 0.5
926 0.5
982 0.5
986 0.5
47 0.45454545454545453
367 0.45454545454545453
373 0.45454545454545453
690 0.45454545454545453
821 0.45454545454545453
6 0.4444444444444444
14 0.4444444444444444
31 0.4444444444444444
32 0.4444444444444444
78 0.4444444444444444
93 0.4444444444444444
161 0.4444444444444444
169 0.4444444444444444
174 0.4444444444444444
187 0.4444444444444444
263 0.4444444444444444
354 0.4444444444444444
365 0.4444444444444444
435 0.4444444444444444
538 0.4444444444444444
576 0.4444444444444444
667 0.4444444444444444
672 0.4444444444444444
675 0.4444444444444444
749 0.4444444444444444
774 0.4444444444444444
781 0.4444444444444444
784 0.4444444444444444
785 0.4444444444444444
854 0.4444444444444444
917 0.4444444444444444
924 0.4444444444444444
992 0.4444444444444444
4 0.42857142857142855
65 0.42857142857142855
73 0.42857142857142855
82 0.42857142857142855
87 0.42857142857142855
91 0.42857142857142855
104 0.42857142857142855
216 0.42857142857142855
233 0.42857142857142855
292 0.42857142857142855
340 0.42857142857142855
362 0.42857142857142855
384 0.42857142857142855
441 0.42857142857142855
453 0.42857142857142855
478 0.42857142857142855
485 0.42857142857142855
489 0.42857142857142855
490 0.42857142857142855
497 0.42857142857142855
507 0.42857142857142855
509 0.42857142857142855
523 0.42857142857142855
541 0.42857142857142855
568 0.42857142857142855
570 0.42857142857142855
596 0.42857142857142855
619 0.42857142857142855
637 0.42857142857142855
657 0.42857142857142855
665 0.42857142857142855
680 0.42857142857142855
694 0.42857142857142855
792 0.42857142857142855
805 0.42857142857142855
809 0.42857142857142855
812 0.42857142857142855
813 0.42857142857142855
859 0.42857142857142855
898 0.42857142857142855
913 0.42857142857142855
921 0.42857142857142855
947 0.42857142857142855
967 0.42857142857142855
699 0.4166666666666667
12 0.4
84 0.4
105 0.4
114 0.4
136 0.4
146 0.4
160 0.4
250 0.4
315 0.4
342 0.4
345 0.4
360 0.4
406 0.4
450 0.4
476 0.4
484 0.4
496 0.4
503 0.4
535 0.4
536 0.4
552 0.4
565 0.4
600 0.4
632 0.4
638 0.4
656 0.4
704 0.4
712 0.4
726 0.4
766 0.4
773 0.4
775 0.4
808 0.4
830 0.4
831 0.4
865 0.4
900 0.4
