149 1.0
454 0.8571428571428571
480 0.8571428571428571
517 0.8571428571428571
260 0.8333333333333334
368 0.8333333333333334
926 0.8333333333333334
96 0.7777777777777778
40 0.75
190 0.75
457 0.75
579 0.75
672 0.75
202 0.7142857142857143
581 0.7142857142857143
7 0.6666666666666666
17 0.6666666666666666
140 0.6666666666666666
161 0.6666666666666666
218 0.6666666666666666
526 0.6666666666666666
909 0.6666666666666666
222 0.6363636363636364
428 0.625
914 0.6153846153846154
151 0.6
496 0.6
623 0.6
718 0.6
754 0.6
896 0.6
981 0.6
26 0.5714285714285714
64 0.5714285714285714
95 0.5714285714285714
182 0.5714285714285714
256 0.5714285714285714
265 0.5714285714285714
353 0.5714285714285714
510 0.5714285714285714
519 0.5714285714285714
580 0.5714285714285714
606 0.5714285714285714
608 0.5714285714285714
619 0.5714285714285714
764 0.5714285714285714
854 0.5714285714285714
948 0.5714285714285714
986 0.5714285714285714
442 0.5555555555555556
448 0.5555555555555556
54 0.5
142 0.5
175 0.5
187 0.5
199 0.5
205 0.5
210 0.5
253 0.5
280 0.5
288 0.5
290 0.5
335 0.5
424 0.5
449 0.5
460 0.5
467 0.5
476 0.5
504 0.5
530 0.5
564 0.5
587 0.5
594 0.5
697 0.5
715 0.5
727 0.5
736 0.5
738 0.5
742 0.5
794 0.5
797 0.5
807 0.5
915 0.5
58 0.45454545454545453
468 0.45454545454545453
596 0.45454545454545453
921 0.45454545454545453
36 0.4444444444444444
41 0.4444444444444444
56 0.4444444444444444
181 0.4444444444444444
227 0.4444444444444444
241 0.4444444444444444
318 0.4444444444444444
422 0.4444444444444444
481 0.4444444444444444
490 0.4444444444444444
527 0.4444444444444444
615 0.4444444444444444
670 0.4444444444444444
756 0.4444444444444444
767 0.4444444444444444
815 0.4444444444444444
931 0.4444444444444444
975 0.4444444444444444
21 0.42857142857142855
47 0.42857142857142855
51 0.42857142857142855
110 0.42857142857142855
172 0.42857142857142855
186 0.42857142857142855
195 0.42857142857142855
250 0.42857142857142855
274 0.42857142857142855
302 0.42857142857142855
316 0.42857142857142855
352 0.42857142857142855
376 0.42857142857142855
388 0.42857142857142855
416 0.42857142857142855
470 0.42857142857142855
570 0.42857142857142855
732 0.42857142857142855
751 0.42857142857142855
783 0.42857142857142855
812 0.42857142857142855
870 0.42857142857142855
872 0.42857142857142855
878 0.42857142857142855
919 0.42857142857142855
546 0.4166666666666667
555 0.4166666666666667
703 0.4166666666666667
69 0.4
78 0.4
132 0.4
164 0.4
217 0.4
242 0.4
247 0.4
330 0.4
356 0.4
384 0.4
411 0.4
512 0.4
558 0.4
604 0.4
616 0.4
658 0.4
768 0.4
771 0.4
791 0.4
792 0.4
944 0.4
955 0.4
27 0.375
39 0.375
105 0.375
127 0.375
160 0.375
178 0.375
194 0.375
197 0.375
204 0.375
207 0.375
223 0.375
225 0.375
246 0.375
252 0.375
255 0.375
258 0.375
295 0.375
327 0.375
340 0.375
380 0.375
397 0.375
455 0.375
501 0.375
525 0.375
534 0.375
539 0.375
552 0.375
557 0.375
569 0.375
573 0.375
582 0.375
611 0.375
614 0.375
657 0.375
659 0.375
710 0.375
757 0.375
769 0.375
775 0.375
778 0.375
819 0.375
825 0.375
882 0.375
885 0.375
928 0.375
939 0.375
979 0.375
999 0.375
117 0.36363636363636365
231 0.36363636363636365
272 0.36363636363636365
360 0.36363636363636365
396 0.36363636363636365
401 0.36363636363636365
540 0.36363636363636365
585 0.36363636363636365
593 0.36363636363636365
675 0.36363636363636365
730 0.36363636363636365
741 0.36363636363636365
822 0.36363636363636365
842 0.36363636363636365
993 0.36363636363636365
987 0.35714285714285715
3 0.3333333333333333
5 0.3333333333333333
12 0.3333333333333333
20 0.3333333333333333
25 0.3333333333333333
29 0.3333333333333333
37 0.3333333333333333
65 0.3333333333333333
76 0.3333333333333333
81 0.3333333333333333
82 0.3333333333333333
112 0.3333333333333333
130 0.3333333333333333
136 0.3333333333333333
139 0.3333333333333333
145 0.3333333333333333
157 0.3333333333333333
159 0.3333333333333333
169 0.3333333333333333
200 0.3333333333333333
209 0.3333333333333333
224 0.3333333333333333
238 0.3333333333333333
239 0.3333333333333333
254 0.3333333333333333
262 0.3333333333333333
287 0.3333333333333333
291 0.3333333333333333
292 0.3333333333333333
293 0.3333333333333333
336 0.3333333333333333
