875 0.875
990 0.6666666666666666
381 0.6363636363636364
441 0.6
705 0.6
67 0.5714285714285714
152 0.5714285714285714
173 0.5714285714285714
544 0.5714285714285714
608 0.5714285714285714
655 0.5714285714285714
903 0.5714285714285714
930 0.5714285714285714
978 0.5555555555555556
97 0.5384615384615384
16 0.5
30 0.5
33 0.5
64 0.5
224 0.5
283 0.5
314 0.5
475 0.5
795 0.5
851 0.5
873 0.5
886 0.5
895 0.5
108 0.4444444444444444
350 0.4444444444444444
488 0.4444444444444444
697 0.4444444444444444
818 0.4444444444444444
882 0.4444444444444444
76 0.42857142857142855
249 0.42857142857142855
315 0.42857142857142855
814 0.42857142857142855
202 0.4
237 0.4
358 0.4
527 0.4
770 0.4
785 0.4
838 0.4
480 0.375
557 0.375
743 0.375
891 0.375
967 0.375
250 0.36363636363636365
332 0.36363636363636365
383 0.36363636363636365
401 0.36363636363636365
141 0.35714285714285715
3 0.3333333333333333
12 0.3333333333333333
53 0.3333333333333333
81 0.3333333333333333
110 0.3333333333333333
121 0.3333333333333333
146 0.3333333333333333
251 0.3333333333333333
299 0.3333333333333333
322 0.3333333333333333
323 0.3333333333333333
343 0.3333333333333333
364 0.3333333333333333
374 0.3333333333333333
430 0.3333333333333333
457 0.3333333333333333
581 0.3333333333333333
607 0.3333333333333333
619 0.3333333333333333
628 0.3333333333333333
637 0.3333333333333333
668 0.3333333333333333
686 0.3333333333333333
720 0.3333333333333333
722 0.3333333333333333
765 0.3333333333333333
779 0.3333333333333333
789 0.3333333333333333
823 0.3333333333333333
850 0.3333333333333333
861 0.3333333333333333
862 0.3333333333333333
929 0.3333333333333333
958 0.3333333333333333
968 0.3333333333333333
976 0.3333333333333333
243 0.3076923076923077
264 0.3076923076923077
13 0.3
28 0.3
58 0.3
85 0.3
114 0.3
160 0.3
192 0.3
266 0.3
297 0.3
330 0.3
413 0.3
476 0.3
524 0.3
540 0.3
590 0.3
610 0.3
671 0.3
707 0.3
710 0.3
737 0.3
738 0.3
759 0.3
769 0.3
827 0.3
970 0.3
994 0.3
10 0.2857142857142857
78 0.2857142857142857
109 0.2857142857142857
112 0.2857142857142857
183 0.2857142857142857
372 0.2857142857142857
445 0.2857142857142857
451 0.2857142857142857
469 0.2857142857142857
551 0.2857142857142857
554 0.2857142857142857
625 0.2857142857142857
626 0.2857142857142857
631 0.2857142857142857
678 0.2857142857142857
693 0.2857142857142857
711 0.2857142857142857
714 0.2857142857142857
752 0.2857142857142857
766 0.2857142857142857
782 0.2857142857142857
815 0.2857142857142857
871 0.2857142857142857
888 0.2857142857142857
932 0.2857142857142857
952 0.2857142857142857
7 0.2727272727272727
37 0.2727272727272727
41 0.2727272727272727
61 0.2727272727272727
72 0.2727272727272727
77 0.2727272727272727
115 0.2727272727272727
129 0.2727272727272727
143 0.2727272727272727
144 0.2727272727272727
177 0.2727272727272727
182 0.2727272727272727
211 0.2727272727272727
215 0.2727272727272727
216 0.2727272727272727
305 0.2727272727272727
327 0.2727272727272727
378 0.2727272727272727
382 0.2727272727272727
392 0.2727272727272727
431 0.2727272727272727
435 0.2727272727272727
446 0.2727272727272727
450 0.2727272727272727
468 0.2727272727272727
484 0.2727272727272727
503 0.2727272727272727
505 0.2727272727272727
519 0.2727272727272727
538 0.2727272727272727
558 0.2727272727272727
593 0.2727272727272727
627 0.2727272727272727
630 0.2727272727272727
732 0.2727272727272727
777 0.2727272727272727
812 0.2727272727272727
847 0.2727272727272727
904 0.2727272727272727
935 0.2727272727272727
942 0.2727272727272727
948 0.2727272727272727
951 0.2727272727272727
887 0.26666666666666666
1 0.25
17 0.25
19 0.25
26 0.25
38 0.25
40 0.25
45 0.25
54 0.25
66 0.25
73 0.25
116 0.25
120 0.25
122 0.25
126 0.25
133 0.25
140 0.25
166 0.25
184 0.25
196 0.25
212 0.25
260 0.25
262 0.25
276 0.25
287 0.25
309 0.25
324 0.25
339 0.25
344 0.25
356 0.25
367 0.25
370 0.25
396 0.25
400 0.25
408 0.25
452 0.25
464 0.25
491 0.25
493 0.25
499 0.25
501 0.25
518 0.25
550 0.25
567 0.25
570 0.25
573 0.25
577 0.25
586 0.25
600 0.25
634 0.25
643 0.25
680 0.25
696 0.25
698 0.25
704 0.25
727 0.25
734 0.25
746 0.25
749 0.25
762 0.25
773 0.25
774 0.25
