278 1.0
317 1.0
608 1.0
400 0.8571428571428571
696 0.8571428571428571
62 0.8333333333333334
149 0.8333333333333334
306 0.8333333333333334
87 0.8
857 0.7777777777777778
612 0.75
682 0.75
377 0.7
0 0.6666666666666666
21 0.6666666666666666
184 0.6666666666666666
255 0.6666666666666666
263 0.6666666666666666
292 0.6666666666666666
334 0.6666666666666666
361 0.6666666666666666
366 0.6666666666666666
468 0.6666666666666666
551 0.6666666666666666
552 0.6666666666666666
570 0.6666666666666666
647 0.6666666666666666
685 0.6666666666666666
703 0.6666666666666666
753 0.6666666666666666
763 0.6666666666666666
951 0.6666666666666666
999 0.6666666666666666
640 0.6363636363636364
626 0.625
192 0.6
587 0.6
126 0.5714285714285714
134 0.5714285714285714
320 0.5714285714285714
456 0.5714285714285714
485 0.5714285714285714
530 0.5714285714285714
585 0.5714285714285714
787 0.5714285714285714
982 0.5714285714285714
3 0.5454545454545454
564 0.5454545454545454
611 0.5454545454545454
983 0.5454545454545454
9 0.5
86 0.5
128 0.5
140 0.5
214 0.5
293 0.5
331 0.5
349 0.5
370 0.5
398 0.5
542 0.5
556 0.5
656 0.5
669 0.5
679 0.5
702 0.5
710 0.5
814 0.5
852 0.5
967 0.5
98 0.4444444444444444
139 0.4444444444444444
160 0.4444444444444444
221 0.4444444444444444
232 0.4444444444444444
307 0.4444444444444444
453 0.4444444444444444
537 0.4444444444444444
686 0.4444444444444444
728 0.4444444444444444
738 0.4444444444444444
809 0.4444444444444444
813 0.4444444444444444
885 0.4444444444444444
942 0.4444444444444444
48 0.42857142857142855
64 0.42857142857142855
76 0.42857142857142855
201 0.42857142857142855
212 0.42857142857142855
276 0.42857142857142855
289 0.42857142857142855
405 0.42857142857142855
416 0.42857142857142855
446 0.42857142857142855
492 0.42857142857142855
557 0.42857142857142855
561 0.42857142857142855
636 0.42857142857142855
697 0.42857142857142855
786 0.42857142857142855
839 0.42857142857142855
864 0.42857142857142855
868 0.42857142857142855
895 0.42857142857142855
898 0.42857142857142855
978 0.42857142857142855
706 0.4166666666666667
936 0.4166666666666667
46 0.4
296 0.4
309 0.4
333 0.4
339 0.4
522 0.4
627 0.4
646 0.4
649 0.4
670 0.4
700 0.4
770 0.4
136 0.375
147 0.375
159 0.375
168 0.375
186 0.375
197 0.375
390 0.375
410 0.375
428 0.375
514 0.375
519 0.375
544 0.375
547 0.375
579 0.375
622 0.375
754 0.375
761 0.375
774 0.375
842 0.375
845 0.375
913 0.375
914 0.375
954 0.375
961 0.375
8 0.36363636363636365
239 0.36363636363636365
297 0.36363636363636365
418 0.36363636363636365
440 0.36363636363636365
554 0.36363636363636365
606 0.36363636363636365
727 0.36363636363636365
748 0.36363636363636365
798 0.36363636363636365
884 0.36363636363636365
963 0.36363636363636365
5 0.3333333333333333
34 0.3333333333333333
40 0.3333333333333333
44 0.3333333333333333
47 0.3333333333333333
50 0.3333333333333333
57 0.3333333333333333
105 0.3333333333333333
115 0.3333333333333333
125 0.3333333333333333
162 0.3333333333333333
167 0.3333333333333333
179 0.3333333333333333
265 0.3333333333333333
266 0.3333333333333333
275 0.3333333333333333
280 0.3333333333333333
302 0.3333333333333333
315 0.3333333333333333
323 0.3333333333333333
345 0.3333333333333333
347 0.3333333333333333
360 0.3333333333333333
363 0.3333333333333333
368 0.3333333333333333
372 0.3333333333333333
380 0.3333333333333333
392 0.3333333333333333
425 0.3333333333333333
436 0.3333333333333333
437 0.3333333333333333
483 0.3333333333333333
510 0.3333333333333333
512 0.3333333333333333
540 0.3333333333333333
543 0.3333333333333333
548 0.3333333333333333
574 0.3333333333333333
581 0.3333333333333333
589 0.3333333333333333
595 0.3333333333333333
596 0.3333333333333333
623 0.3333333333333333
625 0.3333333333333333
638 0.3333333333333333
661 0.3333333333333333
662 0.3333333333333333
707 0.3333333333333333
720 0.3333333333333333
731 0.3333333333333333
736 0.3333333333333333
740 0.3333333333333333
769 0.3333333333333333
777 0.3333333333333333
815 0.3333333333333333
817 0.3333333333333333
826 0.3333333333333333
846 0.3333333333333333
875 0.3333333333333333
877 0.3333333333333333
896 0.3333333333333333
902 0.3333333333333333
910 0.3333333333333333
921 0.3333333333333333
923 0.3333333333333333
934 0.3333333333333333
943 0.3333333333333333
948 0.3333333333333333
950 0.3333333333333333
957 0.3333333333333333
970 0.3333333333333333
998 0.3333333333333333
83 0.3076923076923077
120 0.3076923076923077
144 0.3076923076923077
383 0.3076923076923077
648 0.3076923076923077
723 0.3076923076923077
771 0.3076923076923077
859 0.3076923076923077
32 0.3
37 0.3
51 0.3
54 0.3
70 0.3
88 0.3
99 0.3
110 0.3
154 0.3
165 0.3
166 0.3
177 0.3
194 0.3
