485 1.0
520 0.9
194 0.875
811 0.8333333333333334
935 0.8333333333333334
230 0.8181818181818182
130 0.75
752 0.75
872 0.75
353 0.7142857142857143
514 0.7142857142857143
805 0.7
37 0.6666666666666666
82 0.6666666666666666
96 0.6666666666666666
104 0.6666666666666666
208 0.6666666666666666
260 0.6666666666666666
491 0.6666666666666666
563 0.6666666666666666
649 0.6666666666666666
725 0.6666666666666666
799 0.6666666666666666
829 0.6666666666666666
907 0.6666666666666666
126 0.625
380 0.625
439 0.625
501 0.625
883 0.6153846153846154
264 0.6
6 0.5714285714285714
153 0.5714285714285714
186 0.5714285714285714
279 0.5714285714285714
313 0.5714285714285714
319 0.5714285714285714
492 0.5714285714285714
500 0.5714285714285714
580 0.5714285714285714
624 0.5714285714285714
627 0.5714285714285714
673 0.5714285714285714
679 0.5714285714285714
716 0.5714285714285714
753 0.5714285714285714
766 0.5714285714285714
795 0.5714285714285714
878 0.5714285714285714
964 0.5714285714285714
282 0.5555555555555556
370 0.5555555555555556
721 0.5454545454545454
60 0.5
150 0.5
183 0.5
203 0.5
290 0.5
299 0.5
347 0.5
383 0.5
397 0.5
419 0.5
486 0.5
547 0.5
553 0.5
569 0.5
582 0.5
762 0.5
778 0.5
823 0.5
849 0.5
945 0.5
985 0.5
997 0.5
999 0.5
581 0.45454545454545453
32 0.4444444444444444
59 0.4444444444444444
64 0.4444444444444444
71 0.4444444444444444
78 0.4444444444444444
114 0.4444444444444444
122 0.4444444444444444
142 0.4444444444444444
215 0.4444444444444444
224 0.4444444444444444
241 0.4444444444444444
244 0.4444444444444444
298 0.4444444444444444
342 0.4444444444444444
351 0.4444444444444444
568 0.4444444444444444
595 0.4444444444444444
637 0.4444444444444444
650 0.4444444444444444
686 0.4444444444444444
704 0.4444444444444444
729 0.4444444444444444
806 0.4444444444444444
