278 0.8
998 0.7272727272727273
33 0.6
638 0.6
955 0.6
624 0.5714285714285714
190 0.5454545454545454
30 0.5
123 0.5
133 0.5
147 0.5
281 0.5
337 0.5
547 0.5
556 0.5
664 0.5
937 0.5
488 0.45454545454545453
73 0.4444444444444444
174 0.4444444444444444
237 0.4444444444444444
735 0.4444444444444444
777 0.4444444444444444
882 0.4444444444444444
916 0.4444444444444444
31 0.42857142857142855
70 0.42857142857142855
110 0.42857142857142855
325 0.42857142857142855
949 0.42857142857142855
67 0.4
217 0.4
409 0.4
435 0.4
513 0.4
583 0.4
608 0.4
616 0.4
634 0.4
63 0.38461538461538464
66 0.375
89 0.375
311 0.375
347 0.375
350 0.375
395 0.375
565 0.375
570 0.375
598 0.375
678 0.375
711 0.375
844 0.375
950 0.375
140 0.36363636363636365
248 0.36363636363636365
505 0.36363636363636365
656 0.36363636363636365
744 0.36363636363636365
862 0.36363636363636365
925 0.36363636363636365
148 0.35714285714285715
56 0.3333333333333333
129 0.3333333333333333
178 0.3333333333333333
211 0.3333333333333333
227 0.3333333333333333
245 0.3333333333333333
326 0.3333333333333333
334 0.3333333333333333
365 0.3333333333333333
394 0.3333333333333333
401 0.3333333333333333
498 0.3333333333333333
512 0.3333333333333333
574 0.3333333333333333
584 0.3333333333333333
625 0.3333333333333333
658 0.3333333333333333
667 0.3333333333333333
671 0.3333333333333333
701 0.3333333333333333
719 0.3333333333333333
724 0.3333333333333333
727 0.3333333333333333
771 0.3333333333333333
807 0.3333333333333333
846 0.3333333333333333
848 0.3333333333333333
861 0.3333333333333333
893 0.3333333333333333
897 0.3333333333333333
920 0.3333333333333333
944 0.3333333333333333
252 0.3076923076923077
843 0.3076923076923077
930 0.3076923076923077
19 0.3
58 0.3
107 0.3
118 0.3
