235 0.75
293 0.75
999 0.75
302 0.7142857142857143
95 0.6666666666666666
651 0.6666666666666666
664 0.6666666666666666
683 0.6666666666666666
690 0.6666666666666666
705 0.6666666666666666
737 0.6666666666666666
817 0.6666666666666666
962 0.6666666666666666
92 0.625
267 0.625
899 0.625
528 0.6
80 0.5714285714285714
141 0.5714285714285714
340 0.5714285714285714
551 0.5714285714285714
586 0.5714285714285714
593 0.5714285714285714
669 0.5714285714285714
708 0.5714285714285714
731 0.5714285714285714
903 0.5714285714285714
987 0.5714285714285714
812 0.5555555555555556
945 0.5555555555555556
24 0.5
135 0.5
215 0.5
241 0.5
276 0.5
305 0.5
404 0.5
442 0.5
481 0.5
618 0.5
658 0.5
790 0.5
835 0.5
850 0.5
174 0.45454545454545453
12 0.4444444444444444
132 0.4444444444444444
140 0.4444444444444444
372 0.4444444444444444
439 0.4444444444444444
657 0.4444444444444444
679 0.4444444444444444
724 0.4444444444444444
735 0.4444444444444444
849 0.4444444444444444
852 0.4444444444444444
859 0.4444444444444444
952 0.4444444444444444
38 0.42857142857142855
99 0.42857142857142855
145 0.42857142857142855
197 0.42857142857142855
208 0.42857142857142855
504 0.42857142857142855
572 0.42857142857142855
625 0.42857142857142855
912 0.42857142857142855
995 0.42857142857142855
40 0.4
59 0.4
133 0.4
183 0.4
279 0.4
389 0.4
437 0.4
507 0.4
653 0.4
674 0.4
725 0.4
798 0.4
958 0.4
973 0.4
90 0.38461538461538464
58 0.375
93 0.375
94 0.375
251 0.375
289 0.375
303 0.375
363 0.375
369 0.375
394 0.375
406 0.375
444 0.375
503 0.375
516 0.375
527 0.375
559 0.375
583 0.375
632 0.375
