108 0.8571428571428571
17 0.8333333333333334
295 0.8
415 0.7777777777777778
639 0.7777777777777778
506 0.75
75 0.6666666666666666
80 0.6666666666666666
179 0.6666666666666666
192 0.6666666666666666
363 0.6666666666666666
393 0.6666666666666666
521 0.6666666666666666
623 0.6666666666666666
640 0.6666666666666666
652 0.6666666666666666
705 0.6666666666666666
841 0.6666666666666666
932 0.6666666666666666
763 0.6363636363636364
528 0.625
708 0.6
29 0.5714285714285714
52 0.5714285714285714
95 0.5714285714285714
141 0.5714285714285714
226 0.5714285714285714
249 0.5714285714285714
264 0.5714285714285714
293 0.5714285714285714
304 0.5714285714285714
449 0.5714285714285714
450 0.5714285714285714
481 0.5714285714285714
488 0.5714285714285714
550 0.5714285714285714
575 0.5714285714285714
578 0.5714285714285714
617 0.5714285714285714
635 0.5714285714285714
674 0.5714285714285714
714 0.5714285714285714
758 0.5714285714285714
772 0.5714285714285714
779 0.5714285714285714
780 0.5714285714285714
459 0.5555555555555556
797 0.5555555555555556
912 0.5555555555555556
656 0.5384615384615384
64 0.5
231 0.5
237 0.5
270 0.5
298 0.5
322 0.5
341 0.5
362 0.5
412 0.5
455 0.5
474 0.5
479 0.5
480 0.5
499 0.5
543 0.5
595 0.5
596 0.5
602 0.5
730 0.5
738 0.5
812 0.5
224 0.45454545454545453
561 0.45454545454545453
954 0.45454545454545453
41 0.4444444444444444
53 0.4444444444444444
182 0.4444444444444444
209 0.4444444444444444
227 0.4444444444444444
357 0.4444444444444444
361 0.4444444444444444
460 0.4444444444444444
511 0.4444444444444444
516 0.4444444444444444
591 0.4444444444444444
619 0.4444444444444444
625 0.4444444444444444
706 0.4444444444444444
740 0.4444444444444444
774 0.4444444444444444
854 0.4444444444444444
949 0.4444444444444444
977 0.4444444444444444
978 0.4444444444444444
988 0.4444444444444444
6 0.42857142857142855
119 0.42857142857142855
342 0.42857142857142855
541 0.42857142857142855
572 0.42857142857142855
