755 0.8888888888888888
129 0.875
414 0.8333333333333334
523 0.8333333333333334
528 0.8333333333333334
665 0.8
862 0.8
247 0.75
540 0.75
834 0.75
511 0.7272727272727273
529 0.7272727272727273
701 0.7272727272727273
659 0.7142857142857143
224 0.7
3 0.6666666666666666
169 0.6666666666666666
253 0.6666666666666666
306 0.6666666666666666
344 0.6666666666666666
451 0.6666666666666666
577 0.6666666666666666
686 0.6666666666666666
690 0.6666666666666666
807 0.6666666666666666
832 0.6666666666666666
926 0.6666666666666666
954 0.6666666666666666
971 0.6666666666666666
2 0.625
57 0.6
133 0.6
693 0.6
739 0.6
52 0.5714285714285714
79 0.5714285714285714
163 0.5714285714285714
267 0.5714285714285714
728 0.5714285714285714
805 0.5714285714285714
844 0.5714285714285714
894 0.5714285714285714
946 0.5714285714285714
231 0.5454545454545454
34 0.5
74 0.5
103 0.5
104 0.5
128 0.5
138 0.5
188 0.5
228 0.5
245 0.5
284 0.5
312 0.5
347 0.5
348 0.5
350 0.5
356 0.5
383 0.5
457 0.5
496 0.5
579 0.5
635 0.5
644 0.5
657 0.5
710 0.5
726 0.5
765 0.5
808 0.5
828 0.5
849 0.5
931 0.5
956 0.5
647 0.46153846153846156
398 0.45454545454545453
781 0.45454545454545453
879 0.45454545454545453
924 0.45454545454545453
24 0.4444444444444444
88 0.4444444444444444
95 0.4444444444444444
232 0.4444444444444444
470 0.4444444444444444
538 0.4444444444444444
597 0.4444444444444444
598 0.4444444444444444
703 0.4444444444444444
750 0.4444444444444444
779 0.4444444444444444
780 0.4444444444444444
875 0.4444444444444444
936 0.4444444444444444
976 0.4444444444444444
0 0.42857142857142855
33 0.42857142857142855
67 0.42857142857142855
109 0.42857142857142855
114 0.42857142857142855
131 0.42857142857142855
142 0.42857142857142855
161 0.42857142857142855
207 0.42857142857142855
215 0.42857142857142855
241 0.42857142857142855
248 0.42857142857142855
318 0.42857142857142855
393 0.42857142857142855
405 0.42857142857142855
434 0.42857142857142855
494 0.42857142857142855
503 0.42857142857142855
583 0.42857142857142855
639 0.42857142857142855
724 0.42857142857142855
821 0.42857142857142855
918 0.42857142857142855
927 0.42857142857142855
938 0.42857142857142855
985 0.42857142857142855
126 0.4
132 0.4
211 0.4
422 0.4
441 0.4
454 0.4
535 0.4
578 0.4
596 0.4
600 0.4
620 0.4
653 0.4
673 0.4
683 0.4
697 0.4
722 0.4
882 0.4
911 0.4
914 0.4
917 0.4
982 0.4
38 0.375
51 0.375
65 0.375
78 0.375
111 0.375
162 0.375
172 0.375
192 0.375
203 0.375
236 0.375
239 0.375
244 0.375
269 0.375
272 0.375
282 0.375
387 0.375
389 0.375
438 0.375
444 0.375
489 0.375
501 0.375
533 0.375
698 0.375
700 0.375
810 0.375
881 0.375
935 0.375
947 0.375
987 0.375
155 0.36363636363636365
186 0.36363636363636365
201 0.36363636363636365
341 0.36363636363636365
345 0.36363636363636365
354 0.36363636363636365
360 0.36363636363636365
555 0.36363636363636365
672 0.36363636363636365
679 0.36363636363636365
836 0.36363636363636365
902 0.36363636363636365
937 0.36363636363636365
748 0.35714285714285715
1 0.3333333333333333
12 0.3333333333333333
36 0.3333333333333333
48 0.3333333333333333
60 0.3333333333333333
82 0.3333333333333333
101 0.3333333333333333
107 0.3333333333333333
108 0.3333333333333333
116 0.3333333333333333
124 0.3333333333333333
159 0.3333333333333333
168 0.3333333333333333
182 0.3333333333333333
187 0.3333333333333333
189 0.3333333333333333
213 0.3333333333333333
234 0.3333333333333333
252 0.3333333333333333
278 0.3333333333333333
299 0.3333333333333333
310 0.3333333333333333
319 0.3333333333333333
321 0.3333333333333333
328 0.3333333333333333
330 0.3333333333333333
334 0.3333333333333333
375 0.3333333333333333
386 0.3333333333333333
391 0.3333333333333333
394 0.3333333333333333
406 0.3333333333333333
418 0.3333333333333333
420 0.3333333333333333
423 0.3333333333333333
433 0.3333333333333333
450 0.3333333333333333
452 0.3333333333333333
460 0.3333333333333333
466 0.3333333333333333
471 0.3333333333333333
473 0.3333333333333333
479 0.3333333333333333
502 0.3333333333333333
517 0.3333333333333333
530 0.3333333333333333
536 0.3333333333333333
547 0.3333333333333333
551 0.3333333333333333
558 0.3333333333333333
559 0.3333333333333333
569 0.3333333333333333
576 0.3333333333333333
589 0.3333333333333333
601 0.3333333333333333
604 0.3333333333333333
605 0.3333333333333333
625 0.3333333333333333
636 0.3333333333333333
650 0.3333333333333333
660 0.3333333333333333
678 0.3333333333333333
681 0.3333333333333333
682 0.3333333333333333
696 0.3333333333333333
708 0.3333333333333333
