618 1.0
425 0.8888888888888888
662 0.8888888888888888
638 0.8571428571428571
712 0.8333333333333334
180 0.8
669 0.8
678 0.8
823 0.8
911 0.8
409 0.7777777777777778
922 0.7777777777777778
4 0.75
18 0.75
185 0.75
369 0.75
520 0.75
589 0.7272727272727273
21 0.7142857142857143
331 0.7142857142857143
774 0.7142857142857143
0 0.6666666666666666
41 0.6666666666666666
119 0.6666666666666666
136 0.6666666666666666
159 0.6666666666666666
170 0.6666666666666666
196 0.6666666666666666
246 0.6666666666666666
247 0.6666666666666666
269 0.6666666666666666
294 0.6666666666666666
303 0.6666666666666666
323 0.6666666666666666
371 0.6666666666666666
383 0.6666666666666666
453 0.6666666666666666
457 0.6666666666666666
479 0.6666666666666666
512 0.6666666666666666
523 0.6666666666666666
575 0.6666666666666666
716 0.6666666666666666
755 0.6666666666666666
817 0.6666666666666666
866 0.6666666666666666
907 0.6666666666666666
919 0.6666666666666666
931 0.6666666666666666
950 0.6666666666666666
959 0.6666666666666666
993 0.6666666666666666
487 0.6
754 0.6
23 0.5714285714285714
81 0.5714285714285714
134 0.5714285714285714
153 0.5714285714285714
164 0.5714285714285714
210 0.5714285714285714
370 0.5714285714285714
395 0.5714285714285714
477 0.5714285714285714
496 0.5714285714285714
497 0.5714285714285714
506 0.5714285714285714
571 0.5714285714285714
624 0.5714285714285714
625 0.5714285714285714
629 0.5714285714285714
688 0.5714285714285714
873 0.5714285714285714
953 0.5714285714285714
990 0.5714285714285714
118 0.5555555555555556
190 0.5555555555555556
232 0.5555555555555556
600 0.5555555555555556
456 0.5454545454545454
22 0.5
60 0.5
75 0.5
87 0.5
89 0.5
90 0.5
103 0.5
104 0.5
114 0.5
122 0.5
130 0.5
144 0.5
202 0.5
234 0.5
245 0.5
258 0.5
275 0.5
320 0.5
322 0.5
417 0.5
463 0.5
472 0.5
482 0.5
503 0.5
510 0.5
517 0.5
524 0.5
536 0.5
541 0.5
549 0.5
551 0.5
558 0.5
584 0.5
601 0.5
610 0.5
612 0.5
627 0.5
655 0.5
664 0.5
689 0.5
717 0.5
729 0.5
793 0.5
807 0.5
808 0.5
818 0.5
837 0.5
840 0.5
851 0.5
870 0.5
875 0.5
881 0.5
883 0.5
897 0.5
934 0.5
952 0.5
961 0.5
415 0.45454545454545453
437 0.45454545454545453
1 0.4444444444444444
10 0.4444444444444444
46 0.4444444444444444
49 0.4444444444444444
63 0.4444444444444444
78 0.4444444444444444
108 0.4444444444444444
113 0.4444444444444444
132 0.4444444444444444
268 0.4444444444444444
302 0.4444444444444444
379 0.4444444444444444
386 0.4444444444444444
388 0.4444444444444444
399 0.4444444444444444
428 0.4444444444444444
429 0.4444444444444444
445 0.4444444444444444
447 0.4444444444444444
459 0.4444444444444444
505 0.4444444444444444
547 0.4444444444444444
641 0.4444444444444444
651 0.4444444444444444
671 0.4444444444444444
724 0.4444444444444444
730 0.4444444444444444
756 0.4444444444444444
773 0.4444444444444444
787 0.4444444444444444
893 0.4444444444444444
896 0.4444444444444444
901 0.4444444444444444
913 0.4444444444444444
937 0.4444444444444444
14 0.42857142857142855
85 0.42857142857142855
124 0.42857142857142855
154 0.42857142857142855
176 0.42857142857142855
195 0.42857142857142855
221 0.42857142857142855
240 0.42857142857142855
282 0.42857142857142855
298 0.42857142857142855
314 0.42857142857142855
338 0.42857142857142855
345 0.42857142857142855
357 0.42857142857142855
466 0.42857142857142855
486 0.42857142857142855
499 0.42857142857142855
508 0.42857142857142855
527 0.42857142857142855
531 0.42857142857142855
550 0.42857142857142855
673 0.42857142857142855
675 0.42857142857142855
803 0.42857142857142855
811 0.42857142857142855
858 0.42857142857142855
876 0.42857142857142855
885 0.42857142857142855
308 0.4166666666666667
315 0.4166666666666667
7 0.4
12 0.4
36 0.4
91 0.4
93 0.4
171 0.4
182 0.4
191 0.4
204 0.4
209 0.4
239 0.4
257 0.4
266 0.4
273 0.4
274 0.4
278 0.4
287 0.4
335 0.4
358 0.4
426 0.4
436 0.4
442 0.4
557 0.4
565 0.4
576 0.4
582 0.4
611 0.4
615 0.4
619 0.4
632 0.4
668 0.4
718 0.4
720 0.4
750 0.4
790 0.4
809 0.4
827 0.4
835 0.4
888 0.4
960 0.4
991 0.4
142 0.38461538461538464
432 0.38461538461538464
685 0.38461538461538464
20 0.375
34 0.375
44 0.375
