46 1.0
183 1.0
255 1.0
732 1.0
918 1.0
930 1.0
203 0.8888888888888888
371 0.8888888888888888
142 0.875
391 0.875
830 0.875
958 0.875
467 0.8333333333333334
57 0.8
279 0.8
636 0.8
154 0.75
233 0.75
530 0.75
649 0.75
707 0.75
764 0.75
790 0.75
852 0.75
879 0.75
890 0.75
912 0.75
488 0.7272727272727273
120 0.7142857142857143
640 0.7142857142857143
971 0.7142857142857143
486 0.7
5 0.6666666666666666
134 0.6666666666666666
135 0.6666666666666666
149 0.6666666666666666
173 0.6666666666666666
250 0.6666666666666666
265 0.6666666666666666
288 0.6666666666666666
338 0.6666666666666666
343 0.6666666666666666
396 0.6666666666666666
425 0.6666666666666666
427 0.6666666666666666
476 0.6666666666666666
490 0.6666666666666666
517 0.6666666666666666
526 0.6666666666666666
655 0.6666666666666666
668 0.6666666666666666
686 0.6666666666666666
717 0.6666666666666666
748 0.6666666666666666
756 0.6666666666666666
883 0.6666666666666666
927 0.6666666666666666
963 0.6666666666666666
976 0.6666666666666666
991 0.6666666666666666
435 0.625
644 0.625
650 0.625
104 0.6
168 0.6
527 0.6
581 0.6
821 0.6
12 0.5714285714285714
24 0.5714285714285714
44 0.5714285714285714
85 0.5714285714285714
194 0.5714285714285714
210 0.5714285714285714
223 0.5714285714285714
365 0.5714285714285714
449 0.5714285714285714
468 0.5714285714285714
561 0.5714285714285714
585 0.5714285714285714
605 0.5714285714285714
627 0.5714285714285714
658 0.5714285714285714
663 0.5714285714285714
670 0.5714285714285714
684 0.5714285714285714
810 0.5714285714285714
845 0.5714285714285714
893 0.5714285714285714
907 0.5714285714285714
910 0.5714285714285714
921 0.5714285714285714
968 0.5714285714285714
322 0.5555555555555556
784 0.5454545454545454
51 0.5
117 0.5
159 0.5
162 0.5
178 0.5
207 0.5
214 0.5
215 0.5
236 0.5
241 0.5
244 0.5
247 0.5
258 0.5
262 0.5
269 0.5
278 0.5
291 0.5
369 0.5
377 0.5
404 0.5
421 0.5
441 0.5
464 0.5
504 0.5
506 0.5
511 0.5
538 0.5
551 0.5
568 0.5
603 0.5
607 0.5
656 0.5
665 0.5
678 0.5
679 0.5
696 0.5
697 0.5
706 0.5
730 0.5
734 0.5
735 0.5
801 0.5
857 0.5
886 0.5
894 0.5
903 0.5
944 0.5
979 0.5
981 0.5
171 0.45454545454545453
260 0.45454545454545453
799 0.45454545454545453
803 0.45454545454545453
808 0.45454545454545453
1 0.4444444444444444
11 0.4444444444444444
52 0.4444444444444444
92 0.4444444444444444
97 0.4444444444444444
137 0.4444444444444444
170 0.4444444444444444
184 0.4444444444444444
235 0.4444444444444444
271 0.4444444444444444
275 0.4444444444444444
487 0.4444444444444444
489 0.4444444444444444
497 0.4444444444444444
519 0.4444444444444444
531 0.4444444444444444
596 0.4444444444444444
597 0.4444444444444444
609 0.4444444444444444
664 0.4444444444444444
729 0.4444444444444444
766 0.4444444444444444
781 0.4444444444444444
820 0.4444444444444444
851 0.4444444444444444
864 0.4444444444444444
950 0.4444444444444444
21 0.42857142857142855
26 0.42857142857142855
62 0.42857142857142855
69 0.42857142857142855
72 0.42857142857142855
96 0.42857142857142855
161 0.42857142857142855
196 0.42857142857142855
197 0.42857142857142855
242 0.42857142857142855
257 0.42857142857142855
281 0.42857142857142855
349 0.42857142857142855
379 0.42857142857142855
394 0.42857142857142855
401 0.42857142857142855
409 0.42857142857142855
410 0.42857142857142855
428 0.42857142857142855
444 0.42857142857142855
452 0.42857142857142855
460 0.42857142857142855
516 0.42857142857142855
518 0.42857142857142855
524 0.42857142857142855
532 0.42857142857142855
533 0.42857142857142855
560 0.42857142857142855
608 0.42857142857142855
614 0.42857142857142855
616 0.42857142857142855
618 0.42857142857142855
648 0.42857142857142855
651 0.42857142857142855
690 0.42857142857142855
739 0.42857142857142855
757 0.42857142857142855
785 0.42857142857142855
788 0.42857142857142855
859 0.42857142857142855
865 0.42857142857142855
866 0.42857142857142855
880 0.42857142857142855
933 0.42857142857142855
938 0.42857142857142855
939 0.42857142857142855
988 0.42857142857142855
998 0.42857142857142855
752 0.4166666666666667
55 0.4
64 0.4
99 0.4
165 0.4
180 0.4
324 0.4
346 0.4
414 0.4
456 0.4
466 0.4
474 0.4
512 0.4
520 0.4
553 0.4
600 0.4
635 0.4
661 0.4
673 0.4
694 0.4
770 0.4
792 0.4
806 0.4
819 0.4
832 0.4
904 0.4
