513 1.0
940 1.0
956 1.0
131 0.875
293 0.875
514 0.875
575 0.875
646 0.875
147 0.8571428571428571
401 0.8571428571428571
862 0.8333333333333334
375 0.8
909 0.8
843 0.7777777777777778
993 0.7777777777777778
335 0.75
552 0.75
570 0.75
688 0.75
864 0.75
78 0.7142857142857143
93 0.7142857142857143
896 0.7
5 0.6666666666666666
45 0.6666666666666666
61 0.6666666666666666
105 0.6666666666666666
269 0.6666666666666666
320 0.6666666666666666
388 0.6666666666666666
397 0.6666666666666666
452 0.6666666666666666
510 0.6666666666666666
547 0.6666666666666666
554 0.6666666666666666
617 0.6666666666666666
632 0.6666666666666666
681 0.6666666666666666
709 0.6666666666666666
787 0.6666666666666666
807 0.6666666666666666
829 0.6666666666666666
885 0.6666666666666666
890 0.6666666666666666
983 0.6666666666666666
740 0.6363636363636364
879 0.6363636363636364
378 0.625
859 0.625
67 0.6
693 0.6
2 0.5714285714285714
54 0.5714285714285714
66 0.5714285714285714
76 0.5714285714285714
87 0.5714285714285714
102 0.5714285714285714
160 0.5714285714285714
162 0.5714285714285714
166 0.5714285714285714
184 0.5714285714285714
225 0.5714285714285714
243 0.5714285714285714
253 0.5714285714285714
352 0.5714285714285714
433 0.5714285714285714
512 0.5714285714285714
530 0.5714285714285714
559 0.5714285714285714
601 0.5714285714285714
620 0.5714285714285714
637 0.5714285714285714
642 0.5714285714285714
682 0.5714285714285714
685 0.5714285714285714
783 0.5714285714285714
788 0.5714285714285714
817 0.5714285714285714
840 0.5714285714285714
854 0.5714285714285714
927 0.5714285714285714
929 0.5714285714285714
962 0.5714285714285714
967 0.5714285714285714
234 0.5555555555555556
515 0.5555555555555556
582 0.5555555555555556
772 0.5555555555555556
950 0.5555555555555556
12 0.5
20 0.5
34 0.5
141 0.5
151 0.5
176 0.5
200 0.5
261 0.5
263 0.5
276 0.5
279 0.5
294 0.5
305 0.5
308 0.5
326 0.5
424 0.5
432 0.5
441 0.5
475 0.5
490 0.5
494 0.5
503 0.5
506 0.5
520 0.5
525 0.5
534 0.5
555 0.5
592 0.5
629 0.5
639 0.5
651 0.5
654 0.5
666 0.5
679 0.5
710 0.5
762 0.5
803 0.5
812 0.5
820 0.5
847 0.5
867 0.5
883 0.5
894 0.5
918 0.5
925 0.5
944 0.5
968 0.5
976 0.5
84 0.46153846153846156
130 0.45454545454545453
331 0.45454545454545453
589 0.45454545454545453
755 0.45454545454545453
834 0.45454545454545453
47 0.4444444444444444
50 0.4444444444444444
70 0.4444444444444444
85 0.4444444444444444
120 0.4444444444444444
127 0.4444444444444444
142 0.4444444444444444
145 0.4444444444444444
172 0.4444444444444444
193 0.4444444444444444
212 0.4444444444444444
216 0.4444444444444444
226 0.4444444444444444
295 0.4444444444444444
297 0.4444444444444444
344 0.4444444444444444
371 0.4444444444444444
409 0.4444444444444444
435 0.4444444444444444
472 0.4444444444444444
487 0.4444444444444444
502 0.4444444444444444
521 0.4444444444444444
671 0.4444444444444444
684 0.4444444444444444
814 0.4444444444444444
839 0.4444444444444444
972 0.4444444444444444
3 0.42857142857142855
42 0.42857142857142855
134 0.42857142857142855
150 0.42857142857142855
201 0.42857142857142855
214 0.42857142857142855
252 0.42857142857142855
255 0.42857142857142855
311 0.42857142857142855
340 0.42857142857142855
362 0.42857142857142855
390 0.42857142857142855
412 0.42857142857142855
438 0.42857142857142855
439 0.42857142857142855
448 0.42857142857142855
456 0.42857142857142855
473 0.42857142857142855
545 0.42857142857142855
595 0.42857142857142855
612 0.42857142857142855
634 0.42857142857142855
652 0.42857142857142855
670 0.42857142857142855
673 0.42857142857142855
695 0.42857142857142855
715 0.42857142857142855
735 0.42857142857142855
745 0.42857142857142855
752 0.42857142857142855
786 0.42857142857142855
791 0.42857142857142855
795 0.42857142857142855
801 0.42857142857142855
806 0.42857142857142855
809 0.42857142857142855
815 0.42857142857142855
901 0.42857142857142855
921 0.42857142857142855
945 0.42857142857142855
947 0.42857142857142855
949 0.42857142857142855
984 0.42857142857142855
148 0.4166666666666667
339 0.4166666666666667
747 0.4166666666666667
63 0.4
113 0.4
161 0.4
175 0.4
189 0.4
248 0.4
260 0.4
262 0.4
275 0.4
296 0.4
322 0.4
333 0.4
343 0.4
359 0.4
414 0.4
596 0.4
614 0.4
719 0.4
737 0.4
793 0.4
955 0.4
974 0.4
979 0.4
209 0.38461538461538464
22 0.375
28 0.375
36 0.375
40 0.375
41 0.375
69 0.375
136 0.375
143 0.375
156 0.375
