986 1.0
200 0.8888888888888888
524 0.875
813 0.875
846 0.875
901 0.875
847 0.8571428571428571
30 0.8333333333333334
158 0.8333333333333334
240 0.8333333333333334
576 0.8333333333333334
804 0.8333333333333334
812 0.8333333333333334
558 0.8181818181818182
568 0.8
661 0.8
678 0.8
935 0.7777777777777778
179 0.75
793 0.75
987 0.75
156 0.7142857142857143
545 0.7142857142857143
981 0.7142857142857143
114 0.7
909 0.7
102 0.6666666666666666
103 0.6666666666666666
112 0.6666666666666666
216 0.6666666666666666
217 0.6666666666666666
276 0.6666666666666666
471 0.6666666666666666
507 0.6666666666666666
514 0.6666666666666666
518 0.6666666666666666
537 0.6666666666666666
625 0.6666666666666666
654 0.6666666666666666
655 0.6666666666666666
691 0.6666666666666666
706 0.6666666666666666
754 0.6666666666666666
769 0.6666666666666666
772 0.6666666666666666
784 0.6666666666666666
817 0.6666666666666666
844 0.6666666666666666
863 0.6666666666666666
919 0.6666666666666666
954 0.6666666666666666
995 0.6363636363636364
15 0.625
244 0.6
532 0.6
965 0.6
32 0.5714285714285714
42 0.5714285714285714
66 0.5714285714285714
116 0.5714285714285714
138 0.5714285714285714
149 0.5714285714285714
150 0.5714285714285714
233 0.5714285714285714
234 0.5714285714285714
316 0.5714285714285714
328 0.5714285714285714
370 0.5714285714285714
525 0.5714285714285714
535 0.5714285714285714
565 0.5714285714285714
585 0.5714285714285714
596 0.5714285714285714
606 0.5714285714285714
676 0.5714285714285714
707 0.5714285714285714
814 0.5714285714285714
841 0.5714285714285714
861 0.5714285714285714
997 0.5714285714285714
241 0.5555555555555556
317 0.5555555555555556
956 0.5555555555555556
277 0.5454545454545454
5 0.5
41 0.5
48 0.5
69 0.5
89 0.5
95 0.5
104 0.5
121 0.5
137 0.5
143 0.5
166 0.5
191 0.5
199 0.5
226 0.5
252 0.5
257 0.5
266 0.5
300 0.5
320 0.5
344 0.5
350 0.5
393 0.5
452 0.5
463 0.5
467 0.5
543 0.5
560 0.5
569 0.5
609 0.5
630 0.5
636 0.5
670 0.5
677 0.5
715 0.5
733 0.5
757 0.5
761 0.5
822 0.5
864 0.5
871 0.5
882 0.5
892 0.5
898 0.5
906 0.5
945 0.5
947 0.5
985 0.5
999 0.5
289 0.45454545454545453
620 0.45454545454545453
699 0.45454545454545453
2 0.4444444444444444
14 0.4444444444444444
77 0.4444444444444444
155 0.4444444444444444
177 0.4444444444444444
182 0.4444444444444444
248 0.4444444444444444
270 0.4444444444444444
336 0.4444444444444444
387 0.4444444444444444
402 0.4444444444444444
410 0.4444444444444444
420 0.4444444444444444
458 0.4444444444444444
470 0.4444444444444444
486 0.4444444444444444
487 0.4444444444444444
530 0.4444444444444444
533 0.4444444444444444
593 0.4444444444444444
603 0.4444444444444444
605 0.4444444444444444
762 0.4444444444444444
792 0.4444444444444444
802 0.4444444444444444
807 0.4444444444444444
842 0.4444444444444444
851 0.4444444444444444
853 0.4444444444444444
854 0.4444444444444444
875 0.4444444444444444
924 0.4444444444444444
929 0.4444444444444444
939 0.4444444444444444
973 0.4444444444444444
29 0.42857142857142855
47 0.42857142857142855
70 0.42857142857142855
106 0.42857142857142855
146 0.42857142857142855
160 0.42857142857142855
174 0.42857142857142855
178 0.42857142857142855
181 0.42857142857142855
192 0.42857142857142855
197 0.42857142857142855
236 0.42857142857142855
293 0.42857142857142855
390 0.42857142857142855
403 0.42857142857142855
415 0.42857142857142855
450 0.42857142857142855
489 0.42857142857142855
550 0.42857142857142855
570 0.42857142857142855
662 0.42857142857142855
687 0.42857142857142855
700 0.42857142857142855
701 0.42857142857142855
719 0.42857142857142855
783 0.42857142857142855
810 0.42857142857142855
893 0.42857142857142855
896 0.42857142857142855
957 0.42857142857142855
23 0.4
35 0.4
59 0.4
61 0.4
90 0.4
105 0.4
122 0.4
136 0.4
144 0.4
148 0.4
153 0.4
157 0.4
161 0.4
230 0.4
238 0.4
255 0.4
262 0.4
275 0.4
315 0.4
343 0.4
356 0.4
361 0.4
454 0.4
582 0.4
632 0.4
635 0.4
668 0.4
708 0.4
717 0.4
720 0.4
737 0.4
742 0.4
752 0.4
763 0.4
782 0.4
787 0.4
797 0.4
803 0.4
837 0.4
872 0.4
899 0.4
921 0.4
944 0.4
953 0.4
977 0.4
658 0.38461538461538464
8 0.375
13 0.375
73 0.375
98 0.375
