127 1.0
230 1.0
684 1.0
905 1.0
962 1.0
658 0.8888888888888888
80 0.875
129 0.875
147 0.875
924 0.875
568 0.8571428571428571
428 0.8333333333333334
443 0.8333333333333334
975 0.8333333333333334
92 0.8
325 0.8
328 0.8
368 0.8
249 0.7777777777777778
371 0.7777777777777778
430 0.7777777777777778
670 0.7777777777777778
674 0.7777777777777778
783 0.7777777777777778
791 0.7777777777777778
893 0.7777777777777778
985 0.7777777777777778
63 0.75
417 0.75
464 0.75
562 0.75
856 0.75
878 0.75
315 0.7142857142857143
495 0.7142857142857143
542 0.7142857142857143
561 0.7142857142857143
835 0.7142857142857143
115 0.6666666666666666
124 0.6666666666666666
137 0.6666666666666666
204 0.6666666666666666
206 0.6666666666666666
210 0.6666666666666666
238 0.6666666666666666
265 0.6666666666666666
409 0.6666666666666666
420 0.6666666666666666
422 0.6666666666666666
497 0.6666666666666666
545 0.6666666666666666
600 0.6666666666666666
610 0.6666666666666666
627 0.6666666666666666
686 0.6666666666666666
699 0.6666666666666666
701 0.6666666666666666
709 0.6666666666666666
827 0.6666666666666666
886 0.6666666666666666
906 0.6666666666666666
937 0.6666666666666666
949 0.6666666666666666
950 0.6666666666666666
292 0.625
505 0.625
553 0.625
593 0.625
229 0.6
412 0.6
926 0.6
42 0.5714285714285714
49 0.5714285714285714
131 0.5714285714285714
193 0.5714285714285714
211 0.5714285714285714
239 0.5714285714285714
247 0.5714285714285714
303 0.5714285714285714
314 0.5714285714285714
337 0.5714285714285714
346 0.5714285714285714
377 0.5714285714285714
499 0.5714285714285714
535 0.5714285714285714
563 0.5714285714285714
564 0.5714285714285714
613 0.5714285714285714
622 0.5714285714285714
623 0.5714285714285714
648 0.5714285714285714
663 0.5714285714285714
739 0.5714285714285714
762 0.5714285714285714
824 0.5714285714285714
837 0.5714285714285714
884 0.5714285714285714
899 0.5714285714285714
205 0.5555555555555556
15 0.5
35 0.5
39 0.5
71 0.5
74 0.5
84 0.5
148 0.5
165 0.5
167 0.5
175 0.5
188 0.5
252 0.5
279 0.5
320 0.5
400 0.5
405 0.5
471 0.5
488 0.5
513 0.5
515 0.5
538 0.5
544 0.5
547 0.5
575 0.5
603 0.5
618 0.5
631 0.5
641 0.5
647 0.5
721 0.5
740 0.5
742 0.5
746 0.5
765 0.5
786 0.5
788 0.5
803 0.5
806 0.5
831 0.5
836 0.5
857 0.5
917 0.5
954 0.5
971 0.5
161 0.46153846153846156
169 0.45454545454545453
10 0.4444444444444444
102 0.4444444444444444
174 0.4444444444444444
197 0.4444444444444444
218 0.4444444444444444
227 0.4444444444444444
232 0.4444444444444444
233 0.4444444444444444
241 0.4444444444444444
243 0.4444444444444444
244 0.4444444444444444
289 0.4444444444444444
313 0.4444444444444444
369 0.4444444444444444
380 0.4444444444444444
382 0.4444444444444444
434 0.4444444444444444
485 0.4444444444444444
546 0.4444444444444444
552 0.4444444444444444
556 0.4444444444444444
681 0.4444444444444444
706 0.4444444444444444
723 0.4444444444444444
840 0.4444444444444444
902 0.4444444444444444
910 0.4444444444444444
922 0.4444444444444444
957 0.4444444444444444
983 0.4444444444444444
989 0.4444444444444444
6 0.42857142857142855
36 0.42857142857142855
60 0.42857142857142855
136 0.42857142857142855
172 0.42857142857142855
207 0.42857142857142855
246 0.42857142857142855
308 0.42857142857142855
343 0.42857142857142855
351 0.42857142857142855
385 0.42857142857142855
524 0.42857142857142855
549 0.42857142857142855
566 0.42857142857142855
574 0.42857142857142855
589 0.42857142857142855
602 0.42857142857142855
711 0.42857142857142855
713 0.42857142857142855
753 0.42857142857142855
805 0.42857142857142855
817 0.42857142857142855
928 0.42857142857142855
934 0.42857142857142855
935 0.42857142857142855
959 0.42857142857142855
3 0.4
30 0.4
33 0.4
43 0.4
59 0.4
65 0.4
117 0.4
250 0.4
272 0.4
378 0.4
394 0.4
401 0.4
424 0.4
425 0.4
444 0.4
450 0.4
507 0.4
543 0.4
578 0.4
662 0.4
667 0.4
702 0.4
719 0.4
792 0.4
853 0.4
877 0.4
891 0.4
900 0.4
982 0.4
987 0.4
996 0.4
12 0.375
13 0.375
22 0.375
32 0.375
55 0.375
66 0.375
119 0.375
121 0.375
126 0.375
133 0.375
140 0.375
166 0.375
171 0.375
212 0.375
224 0.375
234 0.375
327 0.375
