63 0.8571428571428571
305 0.8
766 0.8
932 0.8
13 0.7777777777777778
288 0.7777777777777778
461 0.7777777777777778
578 0.7777777777777778
57 0.75
249 0.75
281 0.75
310 0.75
601 0.75
651 0.75
827 0.75
970 0.75
221 0.7272727272727273
600 0.7142857142857143
17 0.6666666666666666
79 0.6666666666666666
90 0.6666666666666666
128 0.6666666666666666
212 0.6666666666666666
624 0.6666666666666666
643 0.6666666666666666
805 0.6666666666666666
933 0.6666666666666666
152 0.6
241 0.6
439 0.6
104 0.5714285714285714
105 0.5714285714285714
132 0.5714285714285714
151 0.5714285714285714
201 0.5714285714285714
306 0.5714285714285714
399 0.5714285714285714
442 0.5714285714285714
531 0.5714285714285714
723 0.5714285714285714
763 0.5714285714285714
798 0.5714285714285714
866 0.5714285714285714
868 0.5714285714285714
892 0.5714285714285714
22 0.5555555555555556
819 0.5555555555555556
95 0.5
114 0.5
126 0.5
167 0.5
190 0.5
207 0.5
208 0.5
248 0.5
263 0.5
315 0.5
333 0.5
364 0.5
456 0.5
457 0.5
496 0.5
520 0.5
525 0.5
556 0.5
567 0.5
592 0.5
610 0.5
779 0.5
921 0.5
940 0.5
981 0.5
571 0.46153846153846156
693 0.45454545454545453
743 0.45454545454545453
18 0.4444444444444444
296 0.4444444444444444
350 0.4444444444444444
432 0.4444444444444444
465 0.4444444444444444
511 0.4444444444444444
623 0.4444444444444444
669 0.4444444444444444
709 0.4444444444444444
847 0.4444444444444444
920 0.4444444444444444
53 0.42857142857142855
71 0.42857142857142855
80 0.42857142857142855
82 0.42857142857142855
237 0.42857142857142855
239 0.42857142857142855
313 0.42857142857142855
316 0.42857142857142855
369 0.42857142857142855
492 0.42857142857142855
539 0.42857142857142855
541 0.42857142857142855
559 0.42857142857142855
786 0.42857142857142855
836 0.42857142857142855
890 0.42857142857142855
950 0.42857142857142855
3 0.4166666666666667
605 0.4166666666666667
629 0.4166666666666667
99 0.4
144 0.4
156 0.4
184 0.4
193 0.4
210 0.4
301 0.4
304 0.4
392 0.4
470 0.4
486 0.4
644 0.4
647 0.4
722 0.4
756 0.4
804 0.4
871 0.4
909 0.4
972 0.4
715 0.38461538461538464
952 0.38461538461538464
26 0.375
44 0.375
68 0.375
107 0.375
108 0.375
119 0.375
122 0.375
185 0.375
186 0.375
187 0.375
257 0.375
272 0.375
300 0.375
351 0.375
384 0.375
385 0.375
412 0.375
416 0.375
431 0.375
475 0.375
498 0.375
503 0.375
549 0.375
557 0.375
656 0.375
707 0.375
708 0.375
759 0.375
795 0.375
812 0.375
815 0.375
833 0.375
834 0.375
838 0.375
844 0.375
872 0.375
944 0.375
996 0.375
2 0.36363636363636365
81 0.36363636363636365
110 0.36363636363636365
274 0.36363636363636365
280 0.36363636363636365
328 0.36363636363636365
366 0.36363636363636365
398 0.36363636363636365
661 0.36363636363636365
728 0.36363636363636365
735 0.36363636363636365
801 0.36363636363636365
916 0.36363636363636365
6 0.3333333333333333
31 0.3333333333333333
38 0.3333333333333333
51 0.3333333333333333
72 0.3333333333333333
86 0.3333333333333333
130 0.3333333333333333
140 0.3333333333333333
141 0.3333333333333333
146 0.3333333333333333
168 0.3333333333333333
173 0.3333333333333333
175 0.3333333333333333
177 0.3333333333333333
178 0.3333333333333333
197 0.3333333333333333
214 0.3333333333333333
215 0.3333333333333333
224 0.3333333333333333
227 0.3333333333333333
236 0.3333333333333333
240 0.3333333333333333
282 0.3333333333333333
286 0.3333333333333333
289 0.3333333333333333
302 0.3333333333333333
307 0.3333333333333333
321 0.3333333333333333
340 0.3333333333333333
343 0.3333333333333333
370 0.3333333333333333
387 0.3333333333333333
402 0.3333333333333333
409 0.3333333333333333
433 0.3333333333333333
445 0.3333333333333333
451 0.3333333333333333
453 0.3333333333333333
458 0.3333333333333333
460 0.3333333333333333
469 0.3333333333333333
477 0.3333333333333333
483 0.3333333333333333
497 0.3333333333333333
499 0.3333333333333333
508 0.3333333333333333
526 0.3333333333333333
543 0.3333333333333333
554 0.3333333333333333
586 0.3333333333333333
591 0.3333333333333333
607 0.3333333333333333
612 0.3333333333333333
613 0.3333333333333333
615 0.3333333333333333
650 0.3333333333333333
666 0.3333333333333333
680 0.3333333333333333
685 0.3333333333333333
702 0.3333333333333333
717 0.3333333333333333
734 0.3333333333333333
738 0.3333333333333333
741 0.3333333333333333
751 0.3333333333333333
764 0.3333333333333333
797 0.3333333333333333
816 0.3333333333333333
818 0.3333333333333333
837 0.3333333333333333
850 0.3333333333333333
851 0.3333333333333333
