79 1.0
85 1.0
179 1.0
884 1.0
135 0.9166666666666666
871 0.9
156 0.8888888888888888
969 0.8888888888888888
486 0.875
748 0.875
978 0.875
42 0.8333333333333334
464 0.8333333333333334
197 0.8
582 0.8
627 0.8
669 0.8
154 0.7777777777777778
320 0.75
545 0.75
640 0.75
709 0.75
844 0.75
49 0.7142857142857143
148 0.7142857142857143
217 0.7142857142857143
527 0.7142857142857143
822 0.7142857142857143
866 0.7
13 0.6666666666666666
98 0.6666666666666666
121 0.6666666666666666
132 0.6666666666666666
160 0.6666666666666666
261 0.6666666666666666
390 0.6666666666666666
422 0.6666666666666666
561 0.6666666666666666
565 0.6666666666666666
575 0.6666666666666666
692 0.6666666666666666
744 0.6666666666666666
749 0.6666666666666666
789 0.6666666666666666
945 0.6666666666666666
970 0.6666666666666666
980 0.6666666666666666
715 0.6363636363636364
434 0.625
528 0.625
796 0.625
421 0.6
54 0.5714285714285714
57 0.5714285714285714
107 0.5714285714285714
177 0.5714285714285714
284 0.5714285714285714
374 0.5714285714285714
413 0.5714285714285714
480 0.5714285714285714
570 0.5714285714285714
600 0.5714285714285714
611 0.5714285714285714
628 0.5714285714285714
696 0.5714285714285714
775 0.5714285714285714
815 0.5714285714285714
911 0.5714285714285714
928 0.5714285714285714
963 0.5714285714285714
432 0.5555555555555556
555 0.5555555555555556
0 0.5
5 0.5
7 0.5
33 0.5
45 0.5
72 0.5
136 0.5
139 0.5
207 0.5
268 0.5
297 0.5
307 0.5
313 0.5
341 0.5
349 0.5
401 0.5
403 0.5
445 0.5
455 0.5
491 0.5
518 0.5
521 0.5
536 0.5
583 0.5
614 0.5
720 0.5
782 0.5
783 0.5
821 0.5
828 0.5
886 0.5
908 0.5
918 0.5
946 0.5
951 0.5
952 0.5
606 0.4666666666666667
143 0.45454545454545453
656 0.45454545454545453
673 0.45454545454545453
876 0.45454545454545453
87 0.4444444444444444
138 0.4444444444444444
187 0.4444444444444444
241 0.4444444444444444
243 0.4444444444444444
278 0.4444444444444444
285 0.4444444444444444
288 0.4444444444444444
289 0.4444444444444444
292 0.4444444444444444
312 0.4444444444444444
324 0.4444444444444444
333 0.4444444444444444
344 0.4444444444444444
359 0.4444444444444444
454 0.4444444444444444
460 0.4444444444444444
529 0.4444444444444444
531 0.4444444444444444
566 0.4444444444444444
609 0.4444444444444444
618 0.4444444444444444
621 0.4444444444444444
728 0.4444444444444444
729 0.4444444444444444
731 0.4444444444444444
752 0.4444444444444444
812 0.4444444444444444
916 0.4444444444444444
932 0.4444444444444444
61 0.42857142857142855
92 0.42857142857142855
170 0.42857142857142855
200 0.42857142857142855
315 0.42857142857142855
330 0.42857142857142855
352 0.42857142857142855
425 0.42857142857142855
470 0.42857142857142855
487 0.42857142857142855
500 0.42857142857142855
532 0.42857142857142855
593 0.42857142857142855
637 0.42857142857142855
685 0.42857142857142855
710 0.42857142857142855
797 0.42857142857142855
879 0.42857142857142855
899 0.42857142857142855
956 0.42857142857142855
989 0.42857142857142855
996 0.42857142857142855
68 0.4166666666666667
88 0.4166666666666667
683 0.4166666666666667
684 0.4166666666666667
751 0.4166666666666667
839 0.4166666666666667
973 0.4166666666666667
18 0.4
70 0.4
76 0.4
89 0.4
161 0.4
205 0.4
269 0.4
306 0.4
398 0.4
400 0.4
469 0.4
507 0.4
557 0.4
622 0.4
632 0.4
648 0.4
660 0.4
705 0.4
727 0.4
753 0.4
756 0.4
860 0.4
880 0.4
992 0.4
256 0.38461538461538464
367 0.38461538461538464
44 0.375
86 0.375
95 0.375
129 0.375
150 0.375
249 0.375
252 0.375
276 0.375
280 0.375
281 0.375
290 0.375
295 0.375
300 0.375
328 0.375
332 0.375
343 0.375
351 0.375
363 0.375
428 0.375
450 0.375
465 0.375
499 0.375
538 0.375
548 0.375
552 0.375
554 0.375
624 0.375
668 0.375
675 0.375
679 0.375
693 0.375
698 0.375
712 0.375
740 0.375
741 0.375
846 0.375
852 0.375
895 0.375
971 0.375
975 0.375
982 0.375
984 0.375
993 0.375
2 0.36363636363636365
82 0.36363636363636365
155 0.36363636363636365
175 0.36363636363636365
326 0.36363636363636365
336 0.36363636363636365
362 0.36363636363636365
379 0.36363636363636365
385 0.36363636363636365
