478 0.875
705 0.8333333333333334
617 0.8181818181818182
57 0.75
689 0.75
268 0.7142857142857143
127 0.7
38 0.6666666666666666
49 0.6666666666666666
113 0.6666666666666666
139 0.6666666666666666
209 0.6666666666666666
219 0.6666666666666666
255 0.6666666666666666
428 0.6666666666666666
450 0.6666666666666666
593 0.6666666666666666
700 0.6666666666666666
748 0.6666666666666666
780 0.6666666666666666
784 0.6666666666666666
825 0.6666666666666666
866 0.6666666666666666
886 0.6666666666666666
971 0.6666666666666666
539 0.6
309 0.5714285714285714
434 0.5714285714285714
460 0.5714285714285714
543 0.5714285714285714
572 0.5714285714285714
723 0.5714285714285714
724 0.5714285714285714
862 0.5714285714285714
901 0.5714285714285714
914 0.5714285714285714
114 0.5555555555555556
28 0.5
51 0.5
81 0.5
149 0.5
189 0.5
237 0.5
275 0.5
307 0.5
343 0.5
370 0.5
417 0.5
438 0.5
455 0.5
475 0.5
523 0.5
536 0.5
786 0.5
822 0.5
842 0.5
879 0.5
30 0.45454545454545453
75 0.4444444444444444
107 0.4444444444444444
141 0.4444444444444444
251 0.4444444444444444
467 0.4444444444444444
600 0.4444444444444444
917 0.4444444444444444
970 0.4444444444444444
975 0.4444444444444444
91 0.42857142857142855
151 0.42857142857142855
221 0.42857142857142855
294 0.42857142857142855
462 0.42857142857142855
678 0.42857142857142855
714 0.42857142857142855
844 0.42857142857142855
845 0.42857142857142855
984 0.42857142857142855
750 0.4166666666666667
774 0.4166666666666667
15 0.4
102 0.4
162 0.4
204 0.4
272 0.4
357 0.4
371 0.4
445 0.4
486 0.4
493 0.4
556 0.4
663 0.4
802 0.4
888 0.4
932 0.4
34 0.375
52 0.375
83 0.375
118 0.375
121 0.375
202 0.375
206 0.375
232 0.375
265 0.375
287 0.375
351 0.375
454 0.375
489 0.375
534 0.375
680 0.375
684 0.375
805 0.375
867 0.375
916 0.375
923 0.375
934 0.375
953 0.375
25 0.36363636363636365
80 0.36363636363636365
142 0.36363636363636365
329 0.36363636363636365
457 0.36363636363636365
552 0.36363636363636365
642 0.36363636363636365
783 0.36363636363636365
935 0.36363636363636365
2 0.3333333333333333
70 0.3333333333333333
134 0.3333333333333333
145 0.3333333333333333
166 0.3333333333333333
203 0.3333333333333333
211 0.3333333333333333
228 0.3333333333333333
249 0.3333333333333333
262 0.3333333333333333
276 0.3333333333333333
280 0.3333333333333333
282 0.3333333333333333
292 0.3333333333333333
296 0.3333333333333333
350 0.3333333333333333
361 0.3333333333333333
364 0.3333333333333333
386 0.3333333333333333
388 0.3333333333333333
392 0.3333333333333333
440 0.3333333333333333
441 0.3333333333333333
465 0.3333333333333333
494 0.3333333333333333
504 0.3333333333333333
509 0.3333333333333333
518 0.3333333333333333
538 0.3333333333333333
578 0.3333333333333333
579 0.3333333333333333
587 0.3333333333333333
606 0.3333333333333333
607 0.3333333333333333
621 0.3333333333333333
630 0.3333333333333333
633 0.3333333333333333
648 0.3333333333333333
659 0.3333333333333333
661 0.3333333333333333
667 0.3333333333333333
702 0.3333333333333333
716 0.3333333333333333
718 0.3333333333333333
719 0.3333333333333333
728 0.3333333333333333
752 0.3333333333333333
760 0.3333333333333333
798 0.3333333333333333
808 0.3333333333333333
813 0.3333333333333333
819 0.3333333333333333
875 0.3333333333333333
876 0.3333333333333333
887 0.3333333333333333
902 0.3333333333333333
915 0.3333333333333333
919 0.3333333333333333
922 0.3333333333333333
951 0.3333333333333333
964 0.3333333333333333
979 0.3333333333333333
992 0.3333333333333333
58 0.3
66 0.3
74 0.3
77 0.3
109 0.3
183 0.3
187 0.3
222 0.3
239 0.3
284 0.3
291 0.3
305 0.3
314 0.3
315 0.3
322 0.3
411 0.3
416 0.3
419 0.3
421 0.3
427 0.3
448 0.3
482 0.3
485 0.3
497 0.3
548 0.3
585 0.3
594 0.3
603 0.3
749 0.3
785 0.3
829 0.3
864 0.3
877 0.3
891 0.3
920 0.3
930 0.3
958 0.3
976 0.3
985 0.3
989 0.3
995 0.3
997 0.3
61 0.2857142857142857
104 0.2857142857142857
130 0.2857142857142857
157 0.2857142857142857
161 0.2857142857142857
184 0.2857142857142857
186 0.2857142857142857
196 0.2857142857142857
207 0.2857142857142857
278 0.2857142857142857
321 0.2857142857142857
348 0.2857142857142857
374 0.2857142857142857
378 0.2857142857142857
381 0.2857142857142857
385 0.2857142857142857
401 0.2857142857142857
415 0.2857142857142857
424 0.2857142857142857
425 0.2857142857142857
