565 0.8888888888888888
967 0.8888888888888888
50 0.875
511 0.8571428571428571
98 0.8333333333333334
812 0.8333333333333334
25 0.8
51 0.8
154 0.8
542 0.8
562 0.8
717 0.8
368 0.7777777777777778
801 0.7777777777777778
795 0.75
843 0.75
897 0.75
76 0.7272727272727273
419 0.7142857142857143
780 0.7
16 0.6666666666666666
130 0.6666666666666666
137 0.6666666666666666
185 0.6666666666666666
212 0.6666666666666666
260 0.6666666666666666
268 0.6666666666666666
299 0.6666666666666666
331 0.6666666666666666
333 0.6666666666666666
349 0.6666666666666666
525 0.6666666666666666
583 0.6666666666666666
722 0.6666666666666666
759 0.6666666666666666
830 0.6666666666666666
858 0.6666666666666666
994 0.6666666666666666
737 0.625
253 0.6
15 0.5714285714285714
26 0.5714285714285714
56 0.5714285714285714
99 0.5714285714285714
109 0.5714285714285714
110 0.5714285714285714
132 0.5714285714285714
285 0.5714285714285714
460 0.5714285714285714
484 0.5714285714285714
532 0.5714285714285714
575 0.5714285714285714
629 0.5714285714285714
636 0.5714285714285714
667 0.5714285714285714
669 0.5714285714285714
705 0.5714285714285714
746 0.5714285714285714
750 0.5714285714285714
797 0.5714285714285714
799 0.5714285714285714
805 0.5714285714285714
829 0.5714285714285714
920 0.5714285714285714
935 0.5714285714285714
987 0.5714285714285714
614 0.5555555555555556
30 0.5
37 0.5
61 0.5
70 0.5
78 0.5
81 0.5
82 0.5
199 0.5
223 0.5
273 0.5
290 0.5
292 0.5
325 0.5
329 0.5
347 0.5
398 0.5
406 0.5
420 0.5
424 0.5
459 0.5
463 0.5
491 0.5
500 0.5
528 0.5
555 0.5
556 0.5
574 0.5
579 0.5
580 0.5
585 0.5
587 0.5
611 0.5
666 0.5
672 0.5
697 0.5
711 0.5
760 0.5
766 0.5
793 0.5
842 0.5
878 0.5
899 0.5
917 0.5
959 0.5
995 0.5
997 0.5
161 0.45454545454545453
43 0.4444444444444444
65 0.4444444444444444
66 0.4444444444444444
84 0.4444444444444444
108 0.4444444444444444
215 0.4444444444444444
229 0.4444444444444444
318 0.4444444444444444
326 0.4444444444444444
356 0.4444444444444444
358 0.4444444444444444
378 0.4444444444444444
418 0.4444444444444444
450 0.4444444444444444
610 0.4444444444444444
621 0.4444444444444444
677 0.4444444444444444
721 0.4444444444444444
796 0.4444444444444444
815 0.4444444444444444
838 0.4444444444444444
856 0.4444444444444444
893 0.4444444444444444
905 0.4444444444444444
910 0.4444444444444444
970 0.4444444444444444
14 0.42857142857142855
85 0.42857142857142855
123 0.42857142857142855
128 0.42857142857142855
134 0.42857142857142855
141 0.42857142857142855
194 0.42857142857142855
198 0.42857142857142855
252 0.42857142857142855
280 0.42857142857142855
334 0.42857142857142855
348 0.42857142857142855
351 0.42857142857142855
381 0.42857142857142855
394 0.42857142857142855
619 0.42857142857142855
656 0.42857142857142855
701 0.42857142857142855
709 0.42857142857142855
835 0.42857142857142855
871 0.42857142857142855
926 0.42857142857142855
937 0.42857142857142855
998 0.42857142857142855
9 0.4
19 0.4
40 0.4
58 0.4
62 0.4
191 0.4
251 0.4
391 0.4
509 0.4
526 0.4
553 0.4
560 0.4
613 0.4
633 0.4
693 0.4
704 0.4
755 0.4
757 0.4
810 0.4
818 0.4
906 0.4
971 0.4
800 0.38461538461538464
22 0.375
32 0.375
35 0.375
36 0.375
73 0.375
96 0.375
102 0.375
106 0.375
146 0.375
155 0.375
174 0.375
233 0.375
234 0.375
239 0.375
258 0.375
294 0.375
305 0.375
355 0.375
422 0.375
435 0.375
438 0.375
494 0.375
523 0.375
529 0.375
530 0.375
536 0.375
549 0.375
563 0.375
568 0.375
584 0.375
589 0.375
597 0.375
627 0.375
635 0.375
654 0.375
683 0.375
687 0.375
692 0.375
708 0.375
771 0.375
791 0.375
817 0.375
836 0.375
859 0.375
870 0.375
915 0.375
945 0.375
951 0.375
973 0.375
34 0.36363636363636365
152 0.36363636363636365
179 0.36363636363636365
182 0.36363636363636365
197 0.36363636363636365
211 0.36363636363636365
238 0.36363636363636365
287 0.36363636363636365
322 0.36363636363636365
384 0.36363636363636365
387 0.36363636363636365
457 0.36363636363636365
481 0.36363636363636365
496 0.36363636363636365
