953 0.9090909090909091
775 0.8888888888888888
820 0.8
923 0.8
987 0.7777777777777778
281 0.75
289 0.75
566 0.75
815 0.75
865 0.75
228 0.7142857142857143
853 0.7
3 0.6666666666666666
51 0.6666666666666666
182 0.6666666666666666
183 0.6666666666666666
201 0.6666666666666666
235 0.6666666666666666
393 0.6666666666666666
495 0.6666666666666666
533 0.6666666666666666
560 0.6666666666666666
641 0.6666666666666666
712 0.6666666666666666
848 0.6666666666666666
872 0.6666666666666666
930 0.6666666666666666
993 0.6666666666666666
609 0.6363636363636364
901 0.6363636363636364
494 0.625
965 0.6
22 0.5714285714285714
44 0.5714285714285714
122 0.5714285714285714
129 0.5714285714285714
148 0.5714285714285714
178 0.5714285714285714
233 0.5714285714285714
293 0.5714285714285714
372 0.5714285714285714
373 0.5714285714285714
385 0.5714285714285714
432 0.5714285714285714
439 0.5714285714285714
805 0.5714285714285714
879 0.5714285714285714
893 0.5714285714285714
906 0.5714285714285714
58 0.5555555555555556
236 0.5555555555555556
738 0.5555555555555556
796 0.5555555555555556
21 0.5
25 0.5
38 0.5
43 0.5
66 0.5
84 0.5
85 0.5
134 0.5
154 0.5
204 0.5
224 0.5
250 0.5
319 0.5
324 0.5
330 0.5
331 0.5
336 0.5
435 0.5
436 0.5
450 0.5
465 0.5
497 0.5
540 0.5
565 0.5
568 0.5
683 0.5
685 0.5
688 0.5
732 0.5
752 0.5
826 0.5
950 0.5
970 0.5
869 0.45454545454545453
984 0.45454545454545453
18 0.4444444444444444
24 0.4444444444444444
72 0.4444444444444444
75 0.4444444444444444
111 0.4444444444444444
162 0.4444444444444444
181 0.4444444444444444
239 0.4444444444444444
255 0.4444444444444444
275 0.4444444444444444
311 0.4444444444444444
379 0.4444444444444444
409 0.4444444444444444
423 0.4444444444444444
468 0.4444444444444444
521 0.4444444444444444
549 0.4444444444444444
602 0.4444444444444444
631 0.4444444444444444
655 0.4444444444444444
751 0.4444444444444444
765 0.4444444444444444
830 0.4444444444444444
833 0.4444444444444444
856 0.4444444444444444
876 0.4444444444444444
886 0.4444444444444444
952 0.4444444444444444
968 0.4444444444444444
193 0.4375
0 0.42857142857142855
121 0.42857142857142855
132 0.42857142857142855
141 0.42857142857142855
208 0.42857142857142855
253 0.42857142857142855
273 0.42857142857142855
285 0.42857142857142855
308 0.42857142857142855
313 0.42857142857142855
327 0.42857142857142855
335 0.42857142857142855
492 0.42857142857142855
536 0.42857142857142855
572 0.42857142857142855
651 0.42857142857142855
750 0.42857142857142855
783 0.42857142857142855
823 0.42857142857142855
844 0.42857142857142855
890 0.42857142857142855
919 0.42857142857142855
992 0.42857142857142855
396 0.4166666666666667
10 0.4
48 0.4
63 0.4
104 0.4
128 0.4
229 0.4
257 0.4
278 0.4
367 0.4
478 0.4
483 0.4
504 0.4
550 0.4
583 0.4
584 0.4
601 0.4
637 0.4
658 0.4
721 0.4
747 0.4
759 0.4
768 0.4
799 0.4
845 0.4
858 0.4
932 0.4
387 0.38461538461538464
56 0.375
61 0.375
120 0.375
124 0.375
156 0.375
279 0.375
321 0.375
349 0.375
350 0.375
376 0.375
411 0.375
427 0.375
464 0.375
530 0.375
547 0.375
563 0.375
590 0.375
623 0.375
626 0.375
674 0.375
702 0.375
705 0.375
722 0.375
733 0.375
772 0.375
778 0.375
837 0.375
898 0.375
925 0.375
946 0.375
947 0.375
979 0.375
990 0.375
13 0.36363636363636365
50 0.36363636363636365
87 0.36363636363636365
91 0.36363636363636365
94 0.36363636363636365
115 0.36363636363636365
133 0.36363636363636365
140 0.36363636363636365
218 0.36363636363636365
667 0.36363636363636365
680 0.36363636363636365
682 0.36363636363636365
808 0.36363636363636365
887 0.36363636363636365
909 0.36363636363636365
960 0.36363636363636365
975 0.36363636363636365
981 0.36363636363636365
2 0.3333333333333333
4 0.3333333333333333
11 0.3333333333333333
32 0.3333333333333333
45 0.3333333333333333
59 0.3333333333333333
74 0.3333333333333333
76 0.3333333333333333
79 0.3333333333333333
88 0.3333333333333333
98 0.3333333333333333
118 0.3333333333333333
135 0.3333333333333333
142 0.3333333333333333
163 0.3333333333333333
171 0.3333333333333333
174 0.3333333333333333
176 0.3333333333333333
184 0.3333333333333333
194 0.3333333333333333
196 0.3333333333333333
197 0.3333333333333333
219 0.3333333333333333
220 0.3333333333333333
226 0.3333333333333333
232 0.3333333333333333
238 0.3333333333333333
245 0.3333333333333333
247 0.3333333333333333
260 0.3333333333333333
