132 0.8571428571428571
459 0.8181818181818182
630 0.7777777777777778
724 0.7777777777777778
741 0.7777777777777778
152 0.75
255 0.75
471 0.75
9 0.7142857142857143
355 0.7
279 0.6666666666666666
325 0.6666666666666666
349 0.6666666666666666
416 0.6666666666666666
440 0.6666666666666666
533 0.6666666666666666
610 0.6666666666666666
621 0.6666666666666666
711 0.6666666666666666
912 0.6666666666666666
913 0.6666666666666666
461 0.625
985 0.625
342 0.6
392 0.6
717 0.6
920 0.6
197 0.5714285714285714
213 0.5714285714285714
420 0.5714285714285714
470 0.5714285714285714
514 0.5714285714285714
628 0.5714285714285714
670 0.5714285714285714
789 0.5714285714285714
805 0.5714285714285714
858 0.5714285714285714
879 0.5714285714285714
931 0.5714285714285714
950 0.5714285714285714
951 0.5714285714285714
7 0.5
44 0.5
73 0.5
102 0.5
109 0.5
116 0.5
139 0.5
158 0.5
284 0.5
428 0.5
503 0.5
593 0.5
667 0.5
678 0.5
746 0.5
755 0.5
793 0.5
799 0.5
808 0.5
819 0.5
886 0.5
921 0.5
935 0.5
974 0.5
310 0.46153846153846156
91 0.45454545454545453
911 0.45454545454545453
21 0.4444444444444444
87 0.4444444444444444
101 0.4444444444444444
131 0.4444444444444444
144 0.4444444444444444
205 0.4444444444444444
314 0.4444444444444444
316 0.4444444444444444
353 0.4444444444444444
385 0.4444444444444444
527 0.4444444444444444
528 0.4444444444444444
706 0.4444444444444444
715 0.4444444444444444
825 0.4444444444444444
893 0.4444444444444444
959 0.4444444444444444
56 0.42857142857142855
240 0.42857142857142855
246 0.42857142857142855
269 0.42857142857142855
421 0.42857142857142855
517 0.42857142857142855
549 0.42857142857142855
554 0.42857142857142855
669 0.42857142857142855
680 0.42857142857142855
729 0.42857142857142855
730 0.42857142857142855
733 0.42857142857142855
776 0.42857142857142855
779 0.42857142857142855
800 0.42857142857142855
870 0.42857142857142855
916 0.42857142857142855
277 0.4166666666666667
90 0.4
186 0.4
192 0.4
237 0.4
357 0.4
366 0.4
408 0.4
439 0.4
466 0.4
467 0.4
489 0.4
522 0.4
535 0.4
552 0.4
589 0.4
641 0.4
682 0.4
758 0.4
780 0.4
786 0.4
847 0.4
854 0.4
903 0.4
929 0.4
41 0.375
51 0.375
64 0.375
110 0.375
198 0.375
216 0.375
221 0.375
270 0.375
426 0.375
433 0.375
435 0.375
468 0.375
501 0.375
597 0.375
600 0.375
607 0.375
614 0.375
633 0.375
659 0.375
662 0.375
704 0.375
726 0.375
735 0.375
804 0.375
898 0.375
908 0.375
944 0.375
74 0.36363636363636365
130 0.36363636363636365
383 0.36363636363636365
524 0.36363636363636365
592 0.36363636363636365
703 0.36363636363636365
874 0.36363636363636365
887 0.36363636363636365
919 0.36363636363636365
965 0.36363636363636365
191 0.35714285714285715
195 0.35714285714285715
639 0.35714285714285715
31 0.3333333333333333
45 0.3333333333333333
55 0.3333333333333333
81 0.3333333333333333
93 0.3333333333333333
95 0.3333333333333333
111 0.3333333333333333
126 0.3333333333333333
127 0.3333333333333333
129 0.3333333333333333
134 0.3333333333333333
138 0.3333333333333333
163 0.3333333333333333
164 0.3333333333333333
168 0.3333333333333333
174 0.3333333333333333
175 0.3333333333333333
179 0.3333333333333333
207 0.3333333333333333
209 0.3333333333333333
217 0.3333333333333333
220 0.3333333333333333
257 0.3333333333333333
259 0.3333333333333333
265 0.3333333333333333
273 0.3333333333333333
285 0.3333333333333333
291 0.3333333333333333
300 0.3333333333333333
308 0.3333333333333333
331 0.3333333333333333
339 0.3333333333333333
365 0.3333333333333333
375 0.3333333333333333
376 0.3333333333333333
382 0.3333333333333333
384 0.3333333333333333
394 0.3333333333333333
413 0.3333333333333333
425 0.3333333333333333
427 0.3333333333333333
479 0.3333333333333333
483 0.3333333333333333
499 0.3333333333333333
508 0.3333333333333333
510 0.3333333333333333
512 0.3333333333333333
518 0.3333333333333333
523 0.3333333333333333
542 0.3333333333333333
563 0.3333333333333333
566 0.3333333333333333
567 0.3333333333333333
576 0.3333333333333333
578 0.3333333333333333
613 0.3333333333333333
622 0.3333333333333333
625 0.3333333333333333
631 0.3333333333333333
645 0.3333333333333333
651 0.3333333333333333
672 0.3333333333333333
687 0.3333333333333333
698 0.3333333333333333
714 0.3333333333333333
721 0.3333333333333333
739 0.3333333333333333
743 0.3333333333333333
748 0.3333333333333333
753 0.3333333333333333
767 0.3333333333333333
770 0.3333333333333333
773 0.3333333333333333
783 0.3333333333333333
845 0.3333333333333333
876 0.3333333333333333
878 0.3333333333333333
890 0.3333333333333333
899 0.3333333333333333
900 0.3333333333333333
905 0.3333333333333333
928 0.3333333333333333
