12 1.0
209 1.0
298 1.0
431 1.0
761 1.0
961 0.8888888888888888
782 0.875
62 0.8333333333333334
120 0.8333333333333334
90 0.8
224 0.8
627 0.8
660 0.8
877 0.8
206 0.75
599 0.75
787 0.75
576 0.7272727272727273
131 0.7142857142857143
243 0.7142857142857143
262 0.7142857142857143
181 0.6666666666666666
199 0.6666666666666666
213 0.6666666666666666
215 0.6666666666666666
341 0.6666666666666666
380 0.6666666666666666
382 0.6666666666666666
396 0.6666666666666666
490 0.6666666666666666
554 0.6666666666666666
592 0.6666666666666666
672 0.6666666666666666
726 0.6666666666666666
786 0.6666666666666666
812 0.6666666666666666
930 0.6666666666666666
932 0.6666666666666666
982 0.6666666666666666
98 0.6363636363636364
372 0.625
329 0.6
381 0.6
22 0.5714285714285714
41 0.5714285714285714
105 0.5714285714285714
214 0.5714285714285714
232 0.5714285714285714
259 0.5714285714285714
311 0.5714285714285714
408 0.5714285714285714
409 0.5714285714285714
497 0.5714285714285714
541 0.5714285714285714
587 0.5714285714285714
604 0.5714285714285714
704 0.5714285714285714
757 0.5714285714285714
849 0.5714285714285714
852 0.5714285714285714
952 0.5714285714285714
950 0.5555555555555556
53 0.5
108 0.5
286 0.5
312 0.5
369 0.5
404 0.5
405 0.5
519 0.5
568 0.5
585 0.5
644 0.5
685 0.5
703 0.5
774 0.5
817 0.5
818 0.5
843 0.5
860 0.5
862 0.5
883 0.5
944 0.5
966 0.5
981 0.5
347 0.46153846153846156
190 0.45454545454545453
272 0.45454545454545453
748 0.45454545454545453
14 0.4444444444444444
23 0.4444444444444444
34 0.4444444444444444
58 0.4444444444444444
64 0.4444444444444444
79 0.4444444444444444
107 0.4444444444444444
147 0.4444444444444444
225 0.4444444444444444
260 0.4444444444444444
322 0.4444444444444444
343 0.4444444444444444
433 0.4444444444444444
435 0.4444444444444444
556 0.4444444444444444
565 0.4444444444444444
605 0.4444444444444444
607 0.4444444444444444
619 0.4444444444444444
719 0.4444444444444444
737 0.4444444444444444
746 0.4444444444444444
802 0.4444444444444444
861 0.4444444444444444
897 0.4444444444444444
29 0.42857142857142855
39 0.42857142857142855
132 0.42857142857142855
183 0.42857142857142855
186 0.42857142857142855
201 0.42857142857142855
204 0.42857142857142855
370 0.42857142857142855
495 0.42857142857142855
662 0.42857142857142855
691 0.42857142857142855
714 0.42857142857142855
762 0.42857142857142855
824 0.42857142857142855
836 0.42857142857142855
848 0.42857142857142855
899 0.42857142857142855
904 0.42857142857142855
219 0.4166666666666667
280 0.4166666666666667
796 0.4166666666666667
934 0.4166666666666667
68 0.4
92 0.4
159 0.4
161 0.4
166 0.4
337 0.4
338 0.4
406 0.4
407 0.4
442 0.4
469 0.4
496 0.4
510 0.4
594 0.4
616 0.4
735 0.4
775 0.4
790 0.4
816 0.4
859 0.4
912 0.4
915 0.4
968 0.4
986 0.4
81 0.38461538461538464
330 0.38461538461538464
54 0.375
114 0.375
150 0.375
162 0.375
236 0.375
237 0.375
252 0.375
273 0.375
277 0.375
295 0.375
310 0.375
319 0.375
357 0.375
361 0.375
411 0.375
420 0.375
432 0.375
452 0.375
473 0.375
484 0.375
489 0.375
531 0.375
638 0.375
667 0.375
713 0.375
744 0.375
800 0.375
831 0.375
837 0.375
920 0.375
922 0.375
948 0.375
967 0.375
969 0.375
973 0.375
975 0.375
977 0.375
994 0.375
996 0.375
283 0.36363636363636365
332 0.36363636363636365
359 0.36363636363636365
478 0.36363636363636365
493 0.36363636363636365
508 0.36363636363636365
540 0.36363636363636365
562 0.36363636363636365
791 0.36363636363636365
936 0.36363636363636365
573 0.35714285714285715
3 0.3333333333333333
16 0.3333333333333333
40 0.3333333333333333
66 0.3333333333333333
67 0.3333333333333333
80 0.3333333333333333
99 0.3333333333333333
110 0.3333333333333333
116 0.3333333333333333
126 0.3333333333333333
138 0.3333333333333333
153 0.3333333333333333
155 0.3333333333333333
163 0.3333333333333333
167 0.3333333333333333
169 0.3333333333333333
193 0.3333333333333333
196 0.3333333333333333
216 0.3333333333333333
222 0.3333333333333333
226 0.3333333333333333
229 0.3333333333333333
235 0.3333333333333333
242 0.3333333333333333
258 0.3333333333333333
270 0.3333333333333333
278 0.3333333333333333
279 0.3333333333333333
281 0.3333333333333333
282 0.3333333333333333
293 0.3333333333333333
306 0.3333333333333333
321 0.3333333333333333
328 0.3333333333333333
331 0.3333333333333333
352 0.3333333333333333
366 0.3333333333333333
391 0.3333333333333333
