192 1.0
364 1.0
564 1.0
655 1.0
933 0.875
998 0.875
560 0.8333333333333334
170 0.8
244 0.8
368 0.8
444 0.8
649 0.8
937 0.8
149 0.7777777777777778
264 0.7777777777777778
497 0.7777777777777778
572 0.7777777777777778
254 0.75
392 0.75
307 0.7272727272727273
393 0.7142857142857143
62 0.6666666666666666
73 0.6666666666666666
193 0.6666666666666666
210 0.6666666666666666
282 0.6666666666666666
375 0.6666666666666666
402 0.6666666666666666
476 0.6666666666666666
575 0.6666666666666666
585 0.6666666666666666
603 0.6666666666666666
686 0.6666666666666666
700 0.6666666666666666
709 0.6666666666666666
712 0.6666666666666666
762 0.6666666666666666
768 0.6666666666666666
919 0.6666666666666666
695 0.625
878 0.625
84 0.6
506 0.6
43 0.5714285714285714
50 0.5714285714285714
136 0.5714285714285714
296 0.5714285714285714
396 0.5714285714285714
422 0.5714285714285714
482 0.5714285714285714
483 0.5714285714285714
573 0.5714285714285714
601 0.5714285714285714
673 0.5714285714285714
690 0.5714285714285714
800 0.5714285714285714
841 0.5714285714285714
993 0.5714285714285714
151 0.5555555555555556
291 0.5555555555555556
657 0.5555555555555556
780 0.5555555555555556
37 0.5
86 0.5
126 0.5
130 0.5
142 0.5
283 0.5
293 0.5
303 0.5
311 0.5
312 0.5
366 0.5
369 0.5
379 0.5
447 0.5
452 0.5
454 0.5
480 0.5
498 0.5
516 0.5
574 0.5
590 0.5
600 0.5
621 0.5
624 0.5
629 0.5
652 0.5
675 0.5
680 0.5
731 0.5
733 0.5
749 0.5
787 0.5
837 0.5
849 0.5
874 0.5
903 0.5
927 0.5
943 0.5
946 0.5
967 0.5
969 0.5
976 0.5
979 0.5
981 0.5
148 0.45454545454545453
722 0.45454545454545453
730 0.45454545454545453
25 0.4444444444444444
89 0.4444444444444444
156 0.4444444444444444
191 0.4444444444444444
298 0.4444444444444444
306 0.4444444444444444
321 0.4444444444444444
325 0.4444444444444444
390 0.4444444444444444
414 0.4444444444444444
418 0.4444444444444444
513 0.4444444444444444
569 0.4444444444444444
642 0.4444444444444444
644 0.4444444444444444
672 0.4444444444444444
793 0.4444444444444444
809 0.4444444444444444
845 0.4444444444444444
855 0.4444444444444444
866 0.4444444444444444
944 0.4444444444444444
957 0.4444444444444444
0 0.42857142857142855
13 0.42857142857142855
21 0.42857142857142855
65 0.42857142857142855
66 0.42857142857142855
100 0.42857142857142855
108 0.42857142857142855
109 0.42857142857142855
186 0.42857142857142855
205 0.42857142857142855
206 0.42857142857142855
266 0.42857142857142855
337 0.42857142857142855
353 0.42857142857142855
434 0.42857142857142855
439 0.42857142857142855
472 0.42857142857142855
501 0.42857142857142855
502 0.42857142857142855
591 0.42857142857142855
676 0.42857142857142855
678 0.42857142857142855
715 0.42857142857142855
720 0.42857142857142855
786 0.42857142857142855
816 0.42857142857142855
862 0.42857142857142855
873 0.42857142857142855
882 0.42857142857142855
912 0.42857142857142855
921 0.42857142857142855
929 0.42857142857142855
972 0.42857142857142855
33 0.4166666666666667
60 0.4166666666666667
740 0.4166666666666667
39 0.4
101 0.4
124 0.4
187 0.4
288 0.4
300 0.4
301 0.4
319 0.4
436 0.4
451 0.4
479 0.4
493 0.4
495 0.4
500 0.4
539 0.4
542 0.4
559 0.4
563 0.4
595 0.4
598 0.4
623 0.4
650 0.4
651 0.4
660 0.4
773 0.4
810 0.4
811 0.4
827 0.4
909 0.4
31 0.375
49 0.375
52 0.375
55 0.375
59 0.375
162 0.375
164 0.375
176 0.375
194 0.375
223 0.375
230 0.375
232 0.375
250 0.375
258 0.375
285 0.375
289 0.375
315 0.375
332 0.375
344 0.375
367 0.375
373 0.375
406 0.375
463 0.375
486 0.375
519 0.375
528 0.375
543 0.375
570 0.375
597 0.375
613 0.375
627 0.375
665 0.375
691 0.375
724 0.375
743 0.375
757 0.375
763 0.375
770 0.375
775 0.375
799 0.375
807 0.375
812 0.375
814 0.375
826 0.375
835 0.375
879 0.375
901 0.375
914 0.375
931 0.375
951 0.375
986 0.375
1 0.36363636363636365
3 0.36363636363636365
