305 1.0
842 1.0
96 0.8333333333333334
408 0.7777777777777778
524 0.7777777777777778
675 0.7777777777777778
387 0.75
996 0.75
206 0.7272727272727273
218 0.6666666666666666
301 0.6666666666666666
326 0.6666666666666666
373 0.6666666666666666
449 0.6666666666666666
594 0.6666666666666666
648 0.6666666666666666
913 0.6666666666666666
320 0.625
344 0.625
551 0.625
887 0.625
270 0.6153846153846154
116 0.6
336 0.6
390 0.6
532 0.6
180 0.5714285714285714
286 0.5714285714285714
287 0.5714285714285714
381 0.5714285714285714
450 0.5714285714285714
582 0.5714285714285714
595 0.5714285714285714
618 0.5714285714285714
673 0.5714285714285714
724 0.5714285714285714
902 0.5714285714285714
994 0.5714285714285714
585 0.5454545454545454
143 0.5
202 0.5
284 0.5
285 0.5
467 0.5
531 0.5
580 0.5
680 0.5
700 0.5
725 0.5
727 0.5
733 0.5
741 0.5
818 0.5
859 0.5
20 0.4444444444444444
30 0.4444444444444444
304 0.4444444444444444
322 0.4444444444444444
357 0.4444444444444444
519 0.4444444444444444
603 0.4444444444444444
641 0.4444444444444444
702 0.4444444444444444
883 0.4444444444444444
978 0.4444444444444444
29 0.42857142857142855
232 0.42857142857142855
278 0.42857142857142855
291 0.42857142857142855
358 0.42857142857142855
392 0.42857142857142855
417 0.42857142857142855
517 0.42857142857142855
528 0.42857142857142855
556 0.42857142857142855
397 0.4166666666666667
857 0.4166666666666667
14 0.4
48 0.4
112 0.4
149 0.4
247 0.4
279 0.4
407 0.4
447 0.4
545 0.4
609 0.4
682 0.4
779 0.4
896 0.4
935 0.4
71 0.375
140 0.375
331 0.375
367 0.375
370 0.375
440 0.375
475 0.375
496 0.375
564 0.375
567 0.375
591 0.375
640 0.375
676 0.375
872 0.375
934 0.375
980 0.375
2 0.36363636363636365
66 0.36363636363636365
159 0.36363636363636365
415 0.36363636363636365
579 0.36363636363636365
777 0.36363636363636365
786 0.36363636363636365
826 0.36363636363636365
930 0.36363636363636365
402 0.35714285714285715
11 0.3333333333333333
17 0.3333333333333333
60 0.3333333333333333
120 0.3333333333333333
126 0.3333333333333333
128 0.3333333333333333
131 0.3333333333333333
155 0.3333333333333333
157 0.3333333333333333
158 0.3333333333333333
196 0.3333333333333333
201 0.3333333333333333
213 0.3333333333333333
239 0.3333333333333333
265 0.3333333333333333
276 0.3333333333333333
281 0.3333333333333333
317 0.3333333333333333
346 0.3333333333333333
368 0.3333333333333333
369 0.3333333333333333
406 0.3333333333333333
442 0.3333333333333333
456 0.3333333333333333
465 0.3333333333333333
474 0.3333333333333333
486 0.3333333333333333
514 0.3333333333333333
527 0.3333333333333333
535 0.3333333333333333
560 0.3333333333333333
589 0.3333333333333333
592 0.3333333333333333
657 0.3333333333333333
661 0.3333333333333333
665 0.3333333333333333
667 0.3333333333333333
687 0.3333333333333333
692 0.3333333333333333
729 0.3333333333333333
766 0.3333333333333333
792 0.3333333333333333
797 0.3333333333333333
813 0.3333333333333333
829 0.3333333333333333
830 0.3333333333333333
858 0.3333333333333333
861 0.3333333333333333
908 0.3333333333333333
921 0.3333333333333333
939 0.3333333333333333
992 0.3333333333333333
51 0.3076923076923077
52 0.3076923076923077
422 0.3076923076923077
438 0.3076923076923077
619 0.3076923076923077
706 0.3076923076923077
763 0.3076923076923077
63 0.3
121 0.3
153 0.3
165 0.3
203 0.3
224 0.3
228 0.3
238 0.3
272 0.3
288 0.3
321 0.3
354 0.3
356 0.3
375 0.3
460 0.3
477 0.3
512 0.3
546 0.3
550 0.3
598 0.3
615 0.3
631 0.3
677 0.3
712 0.3
715 0.3
753 0.3
776 0.3
781 0.3
800 0.3
801 0.3
808 0.3
809 0.3
811 0.3
836 0.3
845 0.3
863 0.3
884 0.3
890 0.3
899 0.3
917 0.3
961 0.3
8 0.2857142857142857
31 0.2857142857142857
38 0.2857142857142857
44 0.2857142857142857
46 0.2857142857142857
89 0.2857142857142857
216 0.2857142857142857
300 0.2857142857142857
302 0.2857142857142857
337 0.2857142857142857
400 0.2857142857142857
434 0.2857142857142857
448 0.2857142857142857
468 0.2857142857142857
473 0.2857142857142857
481 0.2857142857142857
498 0.2857142857142857
503 0.2857142857142857
530 0.2857142857142857
562 0.2857142857142857
590 0.2857142857142857
652 0.2857142857142857
654 0.2857142857142857
752 0.2857142857142857
767 0.2857142857142857
789 0.2857142857142857
816 0.2857142857142857
869 0.2857142857142857
874 0.2857142857142857
956 0.2857142857142857
958 0.2857142857142857
983 0.2857142857142857
9 0.2727272727272727
