950 0.8333333333333334
644 0.75
802 0.75
495 0.7142857142857143
488 0.6666666666666666
764 0.6666666666666666
965 0.6666666666666666
860 0.625
505 0.6
582 0.6
127 0.5714285714285714
271 0.5714285714285714
480 0.5714285714285714
490 0.5714285714285714
513 0.5714285714285714
526 0.5714285714285714
611 0.5714285714285714
663 0.5714285714285714
682 0.5714285714285714
824 0.5714285714285714
836 0.5714285714285714
977 0.5714285714285714
272 0.5555555555555556
65 0.5
225 0.5
249 0.5
315 0.5
462 0.5
735 0.5
25 0.4444444444444444
30 0.4444444444444444
117 0.4444444444444444
197 0.4444444444444444
212 0.4444444444444444
215 0.4444444444444444
235 0.4444444444444444
367 0.4444444444444444
580 0.4444444444444444
736 0.4444444444444444
796 0.4444444444444444
931 0.4444444444444444
969 0.4444444444444444
980 0.4444444444444444
159 0.42857142857142855
232 0.42857142857142855
729 0.42857142857142855
904 0.42857142857142855
907 0.42857142857142855
139 0.4
231 0.4
385 0.4
595 0.4
733 0.4
850 0.4
884 0.4
968 0.4
990 0.4
6 0.375
39 0.375
129 0.375
169 0.375
203 0.375
399 0.375
426 0.375
550 0.375
559 0.375
643 0.375
668 0.375
711 0.375
971 0.375
976 0.375
13 0.36363636363636365
243 0.36363636363636365
21 0.3333333333333333
41 0.3333333333333333
68 0.3333333333333333
80 0.3333333333333333
101 0.3333333333333333
122 0.3333333333333333
123 0.3333333333333333
125 0.3333333333333333
157 0.3333333333333333
177 0.3333333333333333
221 0.3333333333333333
228 0.3333333333333333
253 0.3333333333333333
254 0.3333333333333333
266 0.3333333333333333
345 0.3333333333333333
352 0.3333333333333333
413 0.3333333333333333
463 0.3333333333333333
477 0.3333333333333333
516 0.3333333333333333
533 0.3333333333333333
569 0.3333333333333333
579 0.3333333333333333
588 0.3333333333333333
605 0.3333333333333333
625 0.3333333333333333
785 0.3333333333333333
786 0.3333333333333333
804 0.3333333333333333
871 0.3333333333333333
876 0.3333333333333333
879 0.3333333333333333
881 0.3333333333333333
908 0.3333333333333333
942 0.3333333333333333
960 0.3333333333333333
961 0.3333333333333333
987 0.3333333333333333
995 0.3333333333333333
19 0.3076923076923077
134 0.3076923076923077
375 0.3076923076923077
424 0.3076923076923077
493 0.3076923076923077
574 0.3076923076923077
680 0.3076923076923077
690 0.3076923076923077
739 0.3076923076923077
757 0.3076923076923077
8 0.3
31 0.3
56 0.3
66 0.3
69 0.3
70 0.3
132 0.3
142 0.3
188 0.3
244 0.3
298 0.3
319 0.3
349 0.3
364 0.3
368 0.3
394 0.3
433 0.3
468 0.3
534 0.3
555 0.3
609 0.3
731 0.3
744 0.3
781 0.3
787 0.3
801 0.3
805 0.3
816 0.3
830 0.3
851 0.3
882 0.3
885 0.3
890 0.3
920 0.3
929 0.3
975 0.3
54 0.2857142857142857
97 0.2857142857142857
109 0.2857142857142857
114 0.2857142857142857
216 0.2857142857142857
226 0.2857142857142857
316 0.2857142857142857
359 0.2857142857142857
376 0.2857142857142857
402 0.2857142857142857
445 0.2857142857142857
466 0.2857142857142857
484 0.2857142857142857
506 0.2857142857142857
515 0.2857142857142857
527 0.2857142857142857
542 0.2857142857142857
548 0.2857142857142857
557 0.2857142857142857
570 0.2857142857142857
893 0.2857142857142857
911 0.2857142857142857
944 0.2857142857142857
949 0.2857142857142857
962 0.2857142857142857
982 0.2857142857142857
998 0.2857142857142857
43 0.2727272727272727
52 0.2727272727272727
77 0.2727272727272727
86 0.2727272727272727
88 0.2727272727272727
171 0.2727272727272727
193 0.2727272727272727
236 0.2727272727272727
252 0.2727272727272727
270 0.2727272727272727
355 0.2727272727272727
365 0.2727272727272727
409 0.2727272727272727
420 0.2727272727272727
459 0.2727272727272727
474 0.2727272727272727
503 0.2727272727272727
507 0.2727272727272727
535 0.2727272727272727
594 0.2727272727272727
613 0.2727272727272727
624 0.2727272727272727
635 0.2727272727272727
685 0.2727272727272727
726 0.2727272727272727
730 0.2727272727272727
740 0.2727272727272727
749 0.2727272727272727
751 0.2727272727272727
759 0.2727272727272727
762 0.2727272727272727
775 0.2727272727272727
798 0.2727272727272727
825 0.2727272727272727
910 0.2727272727272727
930 0.2727272727272727
957 0.2727272727272727
991 0.2727272727272727
997 0.2727272727272727
999 0.2727272727272727
607 0.26666666666666666
9 0.25
20 0.25
32 0.25
35 0.25
42 0.25
74 0.25
75 0.25
76 0.25
78 0.25
103 0.25
113 0.25
136 0.25
138 0.25
141 0.25
143 0.25
144 0.25
183 0.25
199 0.25
206 0.25
227 0.25
234 0.25
241 0.25
260 0.25
