515 1.0
558 1.0
688 1.0
703 1.0
998 1.0
219 0.8888888888888888
18 0.875
315 0.875
501 0.875
348 0.8333333333333334
396 0.8
726 0.8
362 0.7777777777777778
731 0.7777777777777778
969 0.7777777777777778
270 0.75
374 0.75
376 0.75
783 0.75
818 0.75
127 0.7142857142857143
465 0.7142857142857143
747 0.7142857142857143
86 0.7
40 0.6666666666666666
67 0.6666666666666666
98 0.6666666666666666
124 0.6666666666666666
129 0.6666666666666666
144 0.6666666666666666
189 0.6666666666666666
209 0.6666666666666666
232 0.6666666666666666
286 0.6666666666666666
324 0.6666666666666666
392 0.6666666666666666
402 0.6666666666666666
413 0.6666666666666666
510 0.6666666666666666
568 0.6666666666666666
618 0.6666666666666666
643 0.6666666666666666
672 0.6666666666666666
686 0.6666666666666666
814 0.6666666666666666
848 0.6666666666666666
885 0.6666666666666666
207 0.625
492 0.625
36 0.6
70 0.6
208 0.6
227 0.6
266 0.6
424 0.6
574 0.6
651 0.6
754 0.6
7 0.5714285714285714
17 0.5714285714285714
78 0.5714285714285714
223 0.5714285714285714
435 0.5714285714285714
481 0.5714285714285714
529 0.5714285714285714
530 0.5714285714285714
601 0.5714285714285714
654 0.5714285714285714
675 0.5714285714285714
699 0.5714285714285714
735 0.5714285714285714
772 0.5714285714285714
825 0.5714285714285714
844 0.5714285714285714
942 0.5714285714285714
684 0.5555555555555556
744 0.5555555555555556
773 0.5555555555555556
951 0.5555555555555556
74 0.5
148 0.5
206 0.5
245 0.5
254 0.5
262 0.5
288 0.5
398 0.5
426 0.5
463 0.5
471 0.5
560 0.5
577 0.5
625 0.5
629 0.5
657 0.5
679 0.5
709 0.5
771 0.5
793 0.5
797 0.5
850 0.5
854 0.5
881 0.5
897 0.5
938 0.5
947 0.5
340 0.45454545454545453
630 0.45454545454545453
55 0.4444444444444444
82 0.4444444444444444
192 0.4444444444444444
213 0.4444444444444444
331 0.4444444444444444
339 0.4444444444444444
359 0.4444444444444444
468 0.4444444444444444
487 0.4444444444444444
539 0.4444444444444444
605 0.4444444444444444
611 0.4444444444444444
665 0.4444444444444444
718 0.4444444444444444
757 0.4444444444444444
810 0.4444444444444444
950 0.4444444444444444
988 0.4444444444444444
10 0.42857142857142855
41 0.42857142857142855
63 0.42857142857142855
64 0.42857142857142855
117 0.42857142857142855
122 0.42857142857142855
143 0.42857142857142855
182 0.42857142857142855
187 0.42857142857142855
211 0.42857142857142855
244 0.42857142857142855
250 0.42857142857142855
326 0.42857142857142855
330 0.42857142857142855
393 0.42857142857142855
421 0.42857142857142855
485 0.42857142857142855
504 0.42857142857142855
553 0.42857142857142855
561 0.42857142857142855
570 0.42857142857142855
581 0.42857142857142855
602 0.42857142857142855
692 0.42857142857142855
704 0.42857142857142855
705 0.42857142857142855
758 0.42857142857142855
763 0.42857142857142855
775 0.42857142857142855
788 0.42857142857142855
790 0.42857142857142855
905 0.42857142857142855
60 0.4
132 0.4
134 0.4
177 0.4
202 0.4
263 0.4
268 0.4
289 0.4
291 0.4
319 0.4
320 0.4
329 0.4
369 0.4
381 0.4
406 0.4
428 0.4
452 0.4
534 0.4
545 0.4
549 0.4
565 0.4
583 0.4
589 0.4
638 0.4
687 0.4
689 0.4
719 0.4
733 0.4
745 0.4
748 0.4
805 0.4
842 0.4
860 0.4
902 0.4
920 0.4
952 0.4
271 0.38461538461538464
613 0.38461538461538464
615 0.38461538461538464
5 0.375
45 0.375
48 0.375
61 0.375
138 0.375
155 0.375
172 0.375
204 0.375
233 0.375
249 0.375
258 0.375
267 0.375
275 0.375
282 0.375
295 0.375
309 0.375
327 0.375
333 0.375
360 0.375
386 0.375
414 0.375
440 0.375
441 0.375
447 0.375
449 0.375
508 0.375
546 0.375
547 0.375
551 0.375
593 0.375
604 0.375
609 0.375
616 0.375
626 0.375
640 0.375
676 0.375
766 0.375
787 0.375
792 0.375
796 0.375
807 0.375
815 0.375
827 0.375
840 0.375
863 0.375
889 0.375
962 0.375
968 0.375
975 0.375
991 0.375
997 0.375
154 0.36363636363636365
181 0.36363636363636365
