58 1.0
120 1.0
191 1.0
404 1.0
415 1.0
217 0.875
245 0.875
395 0.875
531 0.875
540 0.875
558 0.8571428571428571
651 0.8571428571428571
101 0.8333333333333334
988 0.8333333333333334
63 0.8
513 0.8
925 0.7777777777777778
335 0.75
413 0.75
511 0.75
623 0.75
793 0.75
758 0.7142857142857143
93 0.7
33 0.6666666666666666
176 0.6666666666666666
202 0.6666666666666666
248 0.6666666666666666
262 0.6666666666666666
337 0.6666666666666666
363 0.6666666666666666
438 0.6666666666666666
442 0.6666666666666666
443 0.6666666666666666
461 0.6666666666666666
473 0.6666666666666666
475 0.6666666666666666
649 0.6666666666666666
666 0.6666666666666666
699 0.6666666666666666
742 0.6666666666666666
949 0.6666666666666666
303 0.625
305 0.625
767 0.625
62 0.6
157 0.6
985 0.6
12 0.5714285714285714
57 0.5714285714285714
251 0.5714285714285714
289 0.5714285714285714
401 0.5714285714285714
440 0.5714285714285714
457 0.5714285714285714
469 0.5714285714285714
497 0.5714285714285714
506 0.5714285714285714
509 0.5714285714285714
533 0.5714285714285714
543 0.5714285714285714
594 0.5714285714285714
610 0.5714285714285714
772 0.5714285714285714
811 0.5714285714285714
912 0.5714285714285714
964 0.5714285714285714
976 0.5714285714285714
980 0.5714285714285714
0 0.5555555555555556
516 0.5555555555555556
823 0.5555555555555556
907 0.5555555555555556
982 0.5555555555555556
9 0.5
10 0.5
89 0.5
102 0.5
143 0.5
160 0.5
168 0.5
177 0.5
214 0.5
221 0.5
243 0.5
246 0.5
284 0.5
299 0.5
340 0.5
346 0.5
362 0.5
406 0.5
454 0.5
456 0.5
507 0.5
512 0.5
515 0.5
529 0.5
554 0.5
582 0.5
605 0.5
620 0.5
645 0.5
728 0.5
782 0.5
789 0.5
799 0.5
803 0.5
812 0.5
818 0.5
827 0.5
854 0.5
863 0.5
965 0.5
4 0.45454545454545453
310 0.45454545454545453
35 0.4444444444444444
105 0.4444444444444444
118 0.4444444444444444
180 0.4444444444444444
183 0.4444444444444444
349 0.4444444444444444
486 0.4444444444444444
520 0.4444444444444444
525 0.4444444444444444
578 0.4444444444444444
661 0.4444444444444444
669 0.4444444444444444
750 0.4444444444444444
788 0.4444444444444444
790 0.4444444444444444
810 0.4444444444444444
819 0.4444444444444444
829 0.4444444444444444
848 0.4444444444444444
901 0.4444444444444444
923 0.4444444444444444
986 0.4444444444444444
993 0.4444444444444444
13 0.42857142857142855
80 0.42857142857142855
107 0.42857142857142855
116 0.42857142857142855
151 0.42857142857142855
158 0.42857142857142855
159 0.42857142857142855
185 0.42857142857142855
198 0.42857142857142855
218 0.42857142857142855
238 0.42857142857142855
242 0.42857142857142855
269 0.42857142857142855
282 0.42857142857142855
369 0.42857142857142855
374 0.42857142857142855
407 0.42857142857142855
412 0.42857142857142855
450 0.42857142857142855
460 0.42857142857142855
492 0.42857142857142855
496 0.42857142857142855
510 0.42857142857142855
547 0.42857142857142855
556 0.42857142857142855
570 0.42857142857142855
586 0.42857142857142855
598 0.42857142857142855
603 0.42857142857142855
617 0.42857142857142855
673 0.42857142857142855
698 0.42857142857142855
711 0.42857142857142855
747 0.42857142857142855
753 0.42857142857142855
774 0.42857142857142855
804 0.42857142857142855
814 0.42857142857142855
833 0.42857142857142855
858 0.42857142857142855
865 0.42857142857142855
884 0.42857142857142855
142 0.4166666666666667
210 0.4166666666666667
34 0.4
115 0.4
128 0.4
137 0.4
194 0.4
230 0.4
247 0.4
263 0.4
309 0.4
324 0.4
359 0.4
383 0.4
428 0.4
435 0.4
459 0.4
517 0.4
595 0.4
597 0.4
606 0.4
619 0.4
658 0.4
667 0.4
696 0.4
754 0.4
756 0.4
759 0.4
766 0.4
831 0.4
891 0.4
906 0.4
914 0.4
922 0.4
974 0.4
720 0.38461538461538464
7 0.375
11 0.375
16 0.375
56 0.375
65 0.375
78 0.375
112 0.375
126 0.375
144 0.375
164 0.375
165 0.375
167 0.375
199 0.375
215 0.375
241 0.375
257 0.375
267 0.375
271 0.375
285 0.375
298 0.375
332 0.375
354 0.375
380 0.375
384 0.375
385 0.375
393 0.375
403 0.375
439 0.375
446 0.375
476 0.375
485 0.375
490 0.375
500 0.375
