585 1.0
80 0.8888888888888888
531 0.8888888888888888
525 0.875
627 0.875
636 0.875
783 0.875
785 0.875
816 0.875
885 0.875
132 0.8571428571428571
142 0.8571428571428571
576 0.8571428571428571
824 0.8571428571428571
975 0.8571428571428571
135 0.8333333333333334
876 0.8333333333333334
56 0.8
224 0.8
228 0.8
709 0.8
770 0.8
796 0.8
913 0.8
123 0.7777777777777778
292 0.7777777777777778
385 0.7777777777777778
81 0.75
221 0.75
438 0.75
572 0.75
798 0.75
434 0.7142857142857143
650 0.7
18 0.6666666666666666
69 0.6666666666666666
151 0.6666666666666666
173 0.6666666666666666
190 0.6666666666666666
217 0.6666666666666666
229 0.6666666666666666
332 0.6666666666666666
334 0.6666666666666666
356 0.6666666666666666
457 0.6666666666666666
520 0.6666666666666666
561 0.6666666666666666
571 0.6666666666666666
583 0.6666666666666666
595 0.6666666666666666
613 0.6666666666666666
621 0.6666666666666666
647 0.6666666666666666
767 0.6666666666666666
825 0.6666666666666666
830 0.6666666666666666
844 0.6666666666666666
847 0.6666666666666666
873 0.6666666666666666
900 0.6666666666666666
935 0.6666666666666666
48 0.625
526 0.625
756 0.625
720 0.6
9 0.5714285714285714
34 0.5714285714285714
38 0.5714285714285714
45 0.5714285714285714
58 0.5714285714285714
210 0.5714285714285714
225 0.5714285714285714
252 0.5714285714285714
304 0.5714285714285714
316 0.5714285714285714
394 0.5714285714285714
423 0.5714285714285714
463 0.5714285714285714
469 0.5714285714285714
484 0.5714285714285714
546 0.5714285714285714
566 0.5714285714285714
597 0.5714285714285714
701 0.5714285714285714
704 0.5714285714285714
750 0.5714285714285714
806 0.5714285714285714
871 0.5714285714285714
902 0.5714285714285714
942 0.5714285714285714
955 0.5714285714285714
962 0.5714285714285714
414 0.5555555555555556
930 0.5555555555555556
973 0.5555555555555556
64 0.5
89 0.5
108 0.5
156 0.5
167 0.5
177 0.5
178 0.5
185 0.5
199 0.5
214 0.5
226 0.5
269 0.5
314 0.5
317 0.5
401 0.5
435 0.5
441 0.5
453 0.5
582 0.5
602 0.5
640 0.5
658 0.5
674 0.5
677 0.5
702 0.5
741 0.5
743 0.5
815 0.5
850 0.5
884 0.5
907 0.5
927 0.5
933 0.5
966 0.5
994 0.5
997 0.5
180 0.45454545454545453
638 0.45454545454545453
769 0.45454545454545453
10 0.4444444444444444
95 0.4444444444444444
107 0.4444444444444444
117 0.4444444444444444
253 0.4444444444444444
320 0.4444444444444444
343 0.4444444444444444
478 0.4444444444444444
505 0.4444444444444444
558 0.4444444444444444
563 0.4444444444444444
575 0.4444444444444444
605 0.4444444444444444
645 0.4444444444444444
718 0.4444444444444444
772 0.4444444444444444
818 0.4444444444444444
920 0.4444444444444444
940 0.4444444444444444
985 0.4444444444444444
998 0.4444444444444444
67 0.42857142857142855
101 0.42857142857142855
116 0.42857142857142855
122 0.42857142857142855
125 0.42857142857142855
131 0.42857142857142855
146 0.42857142857142855
161 0.42857142857142855
208 0.42857142857142855
293 0.42857142857142855
324 0.42857142857142855
327 0.42857142857142855
354 0.42857142857142855
398 0.42857142857142855
460 0.42857142857142855
507 0.42857142857142855
548 0.42857142857142855
646 0.42857142857142855
665 0.42857142857142855
667 0.42857142857142855
673 0.42857142857142855
680 0.42857142857142855
739 0.42857142857142855
779 0.42857142857142855
805 0.42857142857142855
813 0.42857142857142855
845 0.42857142857142855
932 0.42857142857142855
945 0.42857142857142855
953 0.42857142857142855
996 0.42857142857142855
468 0.4166666666666667
974 0.4166666666666667
11 0.4
24 0.4
26 0.4
27 0.4
29 0.4
51 0.4
99 0.4
113 0.4
230 0.4
242 0.4
302 0.4
303 0.4
326 0.4
358 0.4
386 0.4
492 0.4
528 0.4
532 0.4
543 0.4
574 0.4
584 0.4
654 0.4
664 0.4
670 0.4
684 0.4
712 0.4
744 0.4
749 0.4
819 0.4
822 0.4
868 0.4
912 0.4
931 0.4
939 0.4
977 0.4
714 0.38461538461538464
12 0.375
20 0.375
78 0.375
79 0.375
85 0.375
110 0.375
159 0.375
175 0.375
194 0.375
197 0.375
200 0.375
203 0.375
213 0.375
234 0.375
270 0.375
285 0.375
339 0.375
340 0.375
352 0.375
361 0.375
375 0.375
402 0.375
412 0.375
416 0.375
429 0.375
432 0.375
