138 1.0
785 1.0
830 1.0
769 0.9090909090909091
466 0.875
558 0.875
567 0.875
729 0.875
661 0.8571428571428571
245 0.8333333333333334
402 0.8333333333333334
507 0.8333333333333334
98 0.8181818181818182
234 0.8
250 0.8
374 0.8
615 0.8
736 0.8
789 0.8
883 0.8
954 0.8
519 0.7777777777777778
609 0.7777777777777778
112 0.75
481 0.75
548 0.75
777 0.75
509 0.7272727272727273
420 0.7142857142857143
462 0.7142857142857143
16 0.6666666666666666
23 0.6666666666666666
40 0.6666666666666666
97 0.6666666666666666
175 0.6666666666666666
200 0.6666666666666666
203 0.6666666666666666
236 0.6666666666666666
249 0.6666666666666666
274 0.6666666666666666
315 0.6666666666666666
435 0.6666666666666666
484 0.6666666666666666
485 0.6666666666666666
557 0.6666666666666666
588 0.6666666666666666
623 0.6666666666666666
752 0.6666666666666666
771 0.6666666666666666
814 0.6666666666666666
867 0.6666666666666666
903 0.6666666666666666
964 0.6666666666666666
993 0.6666666666666666
429 0.625
829 0.625
51 0.5714285714285714
159 0.5714285714285714
179 0.5714285714285714
259 0.5714285714285714
390 0.5714285714285714
440 0.5714285714285714
446 0.5714285714285714
469 0.5714285714285714
474 0.5714285714285714
516 0.5714285714285714
577 0.5714285714285714
608 0.5714285714285714
702 0.5714285714285714
727 0.5714285714285714
764 0.5714285714285714
778 0.5714285714285714
784 0.5714285714285714
787 0.5714285714285714
794 0.5714285714285714
816 0.5714285714285714
820 0.5714285714285714
89 0.5555555555555556
239 0.5555555555555556
10 0.5
49 0.5
102 0.5
109 0.5
140 0.5
146 0.5
185 0.5
187 0.5
191 0.5
215 0.5
225 0.5
244 0.5
254 0.5
263 0.5
265 0.5
270 0.5
292 0.5
293 0.5
296 0.5
300 0.5
314 0.5
352 0.5
370 0.5
384 0.5
387 0.5
395 0.5
396 0.5
408 0.5
412 0.5
513 0.5
523 0.5
550 0.5
560 0.5
607 0.5
613 0.5
614 0.5
668 0.5
761 0.5
770 0.5
776 0.5
788 0.5
795 0.5
803 0.5
822 0.5
825 0.5
840 0.5
846 0.5
855 0.5
896 0.5
920 0.5
935 0.5
952 0.5
985 0.5
987 0.5
992 0.5
96 0.45454545454545453
238 0.45454545454545453
354 0.45454545454545453
619 0.45454545454545453
663 0.45454545454545453
12 0.4444444444444444
42 0.4444444444444444
68 0.4444444444444444
124 0.4444444444444444
163 0.4444444444444444
197 0.4444444444444444
198 0.4444444444444444
230 0.4444444444444444
305 0.4444444444444444
309 0.4444444444444444
336 0.4444444444444444
433 0.4444444444444444
483 0.4444444444444444
521 0.4444444444444444
591 0.4444444444444444
595 0.4444444444444444
598 0.4444444444444444
656 0.4444444444444444
739 0.4444444444444444
807 0.4444444444444444
868 0.4444444444444444
898 0.4444444444444444
914 0.4444444444444444
31 0.42857142857142855
61 0.42857142857142855
92 0.42857142857142855
125 0.42857142857142855
147 0.42857142857142855
170 0.42857142857142855
178 0.42857142857142855
205 0.42857142857142855
240 0.42857142857142855
330 0.42857142857142855
345 0.42857142857142855
348 0.42857142857142855
413 0.42857142857142855
475 0.42857142857142855
510 0.42857142857142855
572 0.42857142857142855
653 0.42857142857142855
664 0.42857142857142855
701 0.42857142857142855
796 0.42857142857142855
841 0.42857142857142855
842 0.42857142857142855
859 0.42857142857142855
885 0.42857142857142855
971 0.42857142857142855
977 0.42857142857142855
723 0.4166666666666667
922 0.4166666666666667
990 0.4166666666666667
999 0.4166666666666667
20 0.4
29 0.4
41 0.4
101 0.4
117 0.4
149 0.4
192 0.4
262 0.4
297 0.4
324 0.4
331 0.4
344 0.4
382 0.4
388 0.4
393 0.4
444 0.4
459 0.4
473 0.4
547 0.4
564 0.4
612 0.4
639 0.4
640 0.4
655 0.4
681 0.4
730 0.4
734 0.4
735 0.4
745 0.4
766 0.4
837 0.4
856 0.4
857 0.4
860 0.4
863 0.4
888 0.4
901 0.4
907 0.4
919 0.4
948 0.4
0 0.375
5 0.375
6 0.375
30 0.375
38 0.375
54 0.375
56 0.375
67 0.375
100 0.375
210 0.375
212 0.375
222 0.375
223 0.375
231 0.375
243 0.375
247 0.375
252 0.375
287 0.375
