137 1.0
325 1.0
713 1.0
731 1.0
838 0.9
239 0.875
898 0.875
117 0.8571428571428571
220 0.8571428571428571
877 0.8571428571428571
332 0.8333333333333334
779 0.8333333333333334
954 0.8333333333333334
106 0.8
500 0.8
585 0.8
598 0.8
192 0.7777777777777778
677 0.7777777777777778
755 0.7777777777777778
173 0.75
196 0.75
629 0.75
637 0.75
895 0.75
289 0.7142857142857143
50 0.6666666666666666
67 0.6666666666666666
200 0.6666666666666666
225 0.6666666666666666
238 0.6666666666666666
369 0.6666666666666666
383 0.6666666666666666
384 0.6666666666666666
420 0.6666666666666666
512 0.6666666666666666
554 0.6666666666666666
584 0.6666666666666666
628 0.6666666666666666
640 0.6666666666666666
672 0.6666666666666666
701 0.6666666666666666
901 0.6666666666666666
958 0.6666666666666666
107 0.625
169 0.625
252 0.625
571 0.625
938 0.625
564 0.6
34 0.5714285714285714
73 0.5714285714285714
83 0.5714285714285714
203 0.5714285714285714
256 0.5714285714285714
299 0.5714285714285714
407 0.5714285714285714
511 0.5714285714285714
526 0.5714285714285714
530 0.5714285714285714
542 0.5714285714285714
549 0.5714285714285714
660 0.5714285714285714
665 0.5714285714285714
694 0.5714285714285714
734 0.5714285714285714
754 0.5714285714285714
757 0.5714285714285714
928 0.5714285714285714
936 0.5714285714285714
937 0.5714285714285714
988 0.5714285714285714
48 0.5555555555555556
826 0.5555555555555556
966 0.5454545454545454
3 0.5
11 0.5
45 0.5
85 0.5
86 0.5
96 0.5
101 0.5
164 0.5
174 0.5
199 0.5
215 0.5
241 0.5
248 0.5
282 0.5
353 0.5
362 0.5
367 0.5
370 0.5
394 0.5
396 0.5
467 0.5
488 0.5
499 0.5
518 0.5
545 0.5
551 0.5
586 0.5
610 0.5
618 0.5
622 0.5
625 0.5
632 0.5
654 0.5
656 0.5
661 0.5
685 0.5
714 0.5
728 0.5
762 0.5
768 0.5
773 0.5
805 0.5
808 0.5
836 0.5
906 0.5
911 0.5
920 0.5
956 0.5
963 0.5
968 0.5
975 0.5
15 0.45454545454545453
403 0.45454545454545453
878 0.45454545454545453
32 0.4444444444444444
47 0.4444444444444444
65 0.4444444444444444
102 0.4444444444444444
145 0.4444444444444444
152 0.4444444444444444
170 0.4444444444444444
268 0.4444444444444444
269 0.4444444444444444
270 0.4444444444444444
301 0.4444444444444444
532 0.4444444444444444
556 0.4444444444444444
580 0.4444444444444444
606 0.4444444444444444
631 0.4444444444444444
634 0.4444444444444444
744 0.4444444444444444
802 0.4444444444444444
854 0.4444444444444444
892 0.4444444444444444
973 0.4444444444444444
976 0.4444444444444444
58 0.42857142857142855
122 0.42857142857142855
154 0.42857142857142855
163 0.42857142857142855
172 0.42857142857142855
185 0.42857142857142855
208 0.42857142857142855
251 0.42857142857142855
262 0.42857142857142855
295 0.42857142857142855
309 0.42857142857142855
320 0.42857142857142855
323 0.42857142857142855
328 0.42857142857142855
335 0.42857142857142855
368 0.42857142857142855
375 0.42857142857142855
401 0.42857142857142855
405 0.42857142857142855
444 0.42857142857142855
451 0.42857142857142855
464 0.42857142857142855
510 0.42857142857142855
521 0.42857142857142855
553 0.42857142857142855
563 0.42857142857142855
565 0.42857142857142855
581 0.42857142857142855
645 0.42857142857142855
663 0.42857142857142855
683 0.42857142857142855
687 0.42857142857142855
698 0.42857142857142855
703 0.42857142857142855
718 0.42857142857142855
766 0.42857142857142855
769 0.42857142857142855
821 0.42857142857142855
844 0.42857142857142855
852 0.42857142857142855
865 0.42857142857142855
879 0.42857142857142855
886 0.42857142857142855
908 0.42857142857142855
924 0.42857142857142855
934 0.42857142857142855
260 0.4166666666666667
271 0.4166666666666667
344 0.4166666666666667
531 0.4166666666666667
638 0.4166666666666667
644 0.4166666666666667
29 0.4
41 0.4
104 0.4
171 0.4
213 0.4
221 0.4
249 0.4
257 0.4
308 0.4
379 0.4
423 0.4
445 0.4
453 0.4
555 0.4
562 0.4
577 0.4
678 0.4
693 0.4
736 0.4
758 0.4
772 0.4
815 0.4
817 0.4
833 0.4
842 0.4
897 0.4
316 0.38461538461538464
916 0.38461538461538464
24 0.375
33 0.375
37 0.375
43 0.375
90 0.375
91 0.375
100 0.375
120 0.375
129 0.375
134 0.375
136 0.375
142 0.375
148 0.375
155 0.375
168 0.375
190 0.375
212 0.375
284 0.375
