666 1.0
30 0.8888888888888888
276 0.875
384 0.875
420 0.875
610 0.875
685 0.875
893 0.875
174 0.8571428571428571
595 0.8333333333333334
304 0.8
366 0.8
502 0.8
727 0.8
776 0.8
320 0.7777777777777778
824 0.7777777777777778
337 0.75
504 0.75
555 0.75
566 0.75
845 0.75
870 0.75
32 0.6666666666666666
106 0.6666666666666666
117 0.6666666666666666
184 0.6666666666666666
209 0.6666666666666666
421 0.6666666666666666
470 0.6666666666666666
518 0.6666666666666666
607 0.6666666666666666
679 0.6666666666666666
716 0.6666666666666666
786 0.6666666666666666
803 0.6666666666666666
804 0.6666666666666666
939 0.6666666666666666
940 0.6666666666666666
971 0.6666666666666666
339 0.625
853 0.625
255 0.6
335 0.6
453 0.6
634 0.6
11 0.5714285714285714
27 0.5714285714285714
139 0.5714285714285714
275 0.5714285714285714
328 0.5714285714285714
464 0.5714285714285714
586 0.5714285714285714
613 0.5714285714285714
616 0.5714285714285714
636 0.5714285714285714
694 0.5714285714285714
761 0.5714285714285714
787 0.5714285714285714
813 0.5714285714285714
906 0.5714285714285714
949 0.5714285714285714
991 0.5714285714285714
993 0.5714285714285714
228 0.5555555555555556
378 0.5555555555555556
462 0.5555555555555556
641 0.5555555555555556
843 0.5555555555555556
998 0.5555555555555556
669 0.5454545454545454
17 0.5
35 0.5
58 0.5
76 0.5
77 0.5
83 0.5
91 0.5
95 0.5
111 0.5
145 0.5
162 0.5
183 0.5
190 0.5
194 0.5
248 0.5
289 0.5
290 0.5
309 0.5
316 0.5
326 0.5
357 0.5
359 0.5
370 0.5
436 0.5
476 0.5
489 0.5
499 0.5
501 0.5
558 0.5
