279 1.0
586 1.0
418 0.9
534 0.9
35 0.875
118 0.875
96 0.8571428571428571
485 0.8571428571428571
290 0.8333333333333334
384 0.8333333333333334
495 0.8333333333333334
68 0.8
163 0.8
381 0.8
600 0.8
703 0.8
157 0.7777777777777778
265 0.75
341 0.75
473 0.75
584 0.75
665 0.75
237 0.7272727272727273
87 0.7142857142857143
286 0.7142857142857143
492 0.7142857142857143
95 0.7
19 0.6666666666666666
27 0.6666666666666666
49 0.6666666666666666
82 0.6666666666666666
213 0.6666666666666666
259 0.6666666666666666
264 0.6666666666666666
331 0.6666666666666666
336 0.6666666666666666
346 0.6666666666666666
386 0.6666666666666666
388 0.6666666666666666
431 0.6666666666666666
523 0.6666666666666666
565 0.6666666666666666
637 0.6666666666666666
662 0.6666666666666666
689 0.6666666666666666
690 0.6666666666666666
774 0.6666666666666666
778 0.6666666666666666
793 0.6666666666666666
809 0.6666666666666666
821 0.6666666666666666
835 0.6666666666666666
880 0.6666666666666666
892 0.6666666666666666
908 0.6666666666666666
971 0.6666666666666666
999 0.6666666666666666
402 0.625
941 0.625
950 0.625
738 0.6
1 0.5714285714285714
5 0.5714285714285714
50 0.5714285714285714
57 0.5714285714285714
85 0.5714285714285714
86 0.5714285714285714
133 0.5714285714285714
148 0.5714285714285714
190 0.5714285714285714
226 0.5714285714285714
238 0.5714285714285714
254 0.5714285714285714
276 0.5714285714285714
291 0.5714285714285714
389 0.5714285714285714
456 0.5714285714285714
467 0.5714285714285714
470 0.5714285714285714
501 0.5714285714285714
511 0.5714285714285714
577 0.5714285714285714
632 0.5714285714285714
713 0.5714285714285714
736 0.5714285714285714
789 0.5714285714285714
797 0.5714285714285714
803 0.5714285714285714
806 0.5714285714285714
874 0.5714285714285714
887 0.5714285714285714
907 0.5714285714285714
945 0.5714285714285714
127 0.5555555555555556
131 0.5555555555555556
174 0.5555555555555556
252 0.5555555555555556
960 0.5555555555555556
21 0.5454545454545454
22 0.5
