90 1.0
316 1.0
957 1.0
592 0.8888888888888888
293 0.875
533 0.875
736 0.875
474 0.8571428571428571
633 0.8571428571428571
905 0.8571428571428571
253 0.8
618 0.8
651 0.8
715 0.8
725 0.8
827 0.8
139 0.7777777777777778
934 0.7777777777777778
486 0.75
585 0.75
857 0.75
509 0.7272727272727273
162 0.7142857142857143
312 0.7142857142857143
539 0.7142857142857143
772 0.7142857142857143
445 0.7
543 0.7
105 0.6666666666666666
136 0.6666666666666666
161 0.6666666666666666
267 0.6666666666666666
290 0.6666666666666666
431 0.6666666666666666
511 0.6666666666666666
593 0.6666666666666666
598 0.6666666666666666
619 0.6666666666666666
643 0.6666666666666666
686 0.6666666666666666
710 0.6666666666666666
729 0.6666666666666666
734 0.6666666666666666
748 0.6666666666666666
813 0.6666666666666666
844 0.6666666666666666
847 0.6666666666666666
879 0.6666666666666666
908 0.6666666666666666
931 0.6666666666666666
936 0.6666666666666666
948 0.6666666666666666
974 0.6666666666666666
364 0.6363636363636364
404 0.625
683 0.625
731 0.625
324 0.6
29 0.5714285714285714
38 0.5714285714285714
118 0.5714285714285714
175 0.5714285714285714
190 0.5714285714285714
210 0.5714285714285714
215 0.5714285714285714
233 0.5714285714285714
265 0.5714285714285714
268 0.5714285714285714
284 0.5714285714285714
367 0.5714285714285714
394 0.5714285714285714
426 0.5714285714285714
446 0.5714285714285714
450 0.5714285714285714
454 0.5714285714285714
467 0.5714285714285714
631 0.5714285714285714
634 0.5714285714285714
652 0.5714285714285714
657 0.5714285714285714
688 0.5714285714285714
716 0.5714285714285714
795 0.5714285714285714
800 0.5714285714285714
820 0.5714285714285714
824 0.5714285714285714
869 0.5714285714285714
873 0.5714285714285714
883 0.5714285714285714
900 0.5714285714285714
903 0.5714285714285714
906 0.5714285714285714
987 0.5714285714285714
41 0.5555555555555556
121 0.5555555555555556
127 0.5555555555555556
270 0.5555555555555556
658 0.5555555555555556
726 0.5555555555555556
899 0.5555555555555556
