468 1.0
556 1.0
644 1.0
964 0.8888888888888888
553 0.875
729 0.875
903 0.875
185 0.8571428571428571
257 0.8571428571428571
337 0.8333333333333334
424 0.8333333333333334
659 0.8333333333333334
23 0.8
250 0.8
279 0.8
762 0.8
968 0.8
85 0.75
151 0.75
168 0.75
723 0.75
37 0.7142857142857143
60 0.7142857142857143
392 0.7142857142857143
656 0.7142857142857143
848 0.7142857142857143
923 0.7142857142857143
361 0.7
14 0.6666666666666666
29 0.6666666666666666
113 0.6666666666666666
136 0.6666666666666666
138 0.6666666666666666
162 0.6666666666666666
186 0.6666666666666666
191 0.6666666666666666
256 0.6666666666666666
263 0.6666666666666666
277 0.6666666666666666
306 0.6666666666666666
315 0.6666666666666666
409 0.6666666666666666
454 0.6666666666666666
476 0.6666666666666666
527 0.6666666666666666
561 0.6666666666666666
690 0.6666666666666666
695 0.6666666666666666
698 0.6666666666666666
712 0.6666666666666666
716 0.6666666666666666
824 0.6666666666666666
842 0.6666666666666666
855 0.6666666666666666
51 0.625
80 0.625
290 0.625
839 0.625
885 0.625
31 0.6
206 0.6
410 0.6
652 0.5833333333333334
52 0.5714285714285714
63 0.5714285714285714
88 0.5714285714285714
169 0.5714285714285714
187 0.5714285714285714
220 0.5714285714285714
231 0.5714285714285714
251 0.5714285714285714
255 0.5714285714285714
288 0.5714285714285714
296 0.5714285714285714
300 0.5714285714285714
326 0.5714285714285714
397 0.5714285714285714
446 0.5714285714285714
508 0.5714285714285714
532 0.5714285714285714
576 0.5714285714285714
577 0.5714285714285714
592 0.5714285714285714
661 0.5714285714285714
668 0.5714285714285714
709 0.5714285714285714
753 0.5714285714285714
807 0.5714285714285714
823 0.5714285714285714
875 0.5714285714285714
891 0.5714285714285714
927 0.5714285714285714
985 0.5714285714285714
157 0.5555555555555556
878 0.5555555555555556
990 0.5555555555555556
3 0.5
24 0.5
40 0.5
73 0.5
