67 1.0
367 1.0
129 0.8888888888888888
976 0.8888888888888888
758 0.875
958 0.875
910 0.8571428571428571
959 0.8571428571428571
374 0.8
463 0.8
502 0.8
510 0.8
616 0.8
672 0.8
776 0.8
865 0.8
886 0.8
8 0.7777777777777778
256 0.75
600 0.75
999 0.75
11 0.7142857142857143
296 0.7142857142857143
419 0.7142857142857143
20 0.6666666666666666
48 0.6666666666666666
93 0.6666666666666666
118 0.6666666666666666
133 0.6666666666666666
186 0.6666666666666666
226 0.6666666666666666
312 0.6666666666666666
383 0.6666666666666666
435 0.6666666666666666
445 0.6666666666666666
526 0.6666666666666666
533 0.6666666666666666
540 0.6666666666666666
548 0.6666666666666666
585 0.6666666666666666
606 0.6666666666666666
632 0.6666666666666666
636 0.6666666666666666
704 0.6666666666666666
710 0.6666666666666666
750 0.6666666666666666
800 0.6666666666666666
847 0.6666666666666666
939 0.6666666666666666
1 0.625
491 0.625
123 0.6
348 0.6
461 0.6
812 0.6
820 0.6
889 0.6
921 0.6
61 0.5714285714285714
74 0.5714285714285714
86 0.5714285714285714
115 0.5714285714285714
116 0.5714285714285714
264 0.5714285714285714
319 0.5714285714285714
416 0.5714285714285714
417 0.5714285714285714
446 0.5714285714285714
464 0.5714285714285714
468 0.5714285714285714
501 0.5714285714285714
538 0.5714285714285714
605 0.5714285714285714
621 0.5714285714285714
640 0.5714285714285714
671 0.5714285714285714
696 0.5714285714285714
742 0.5714285714285714
779 0.5714285714285714
791 0.5714285714285714
826 0.5714285714285714
829 0.5714285714285714
844 0.5714285714285714
853 0.5714285714285714
905 0.5714285714285714
915 0.5714285714285714
941 0.5714285714285714
966 0.5714285714285714
988 0.5714285714285714
391 0.5555555555555556
537 0.5555555555555556
551 0.5555555555555556
98 0.5454545454545454
987 0.5454545454545454
12 0.5
21 0.5
31 0.5
52 0.5
63 0.5
66 0.5
