6 1.0
77 1.0
289 1.0
376 1.0
544 1.0
804 1.0
934 1.0
936 1.0
169 0.9
468 0.875
667 0.875
45 0.8571428571428571
388 0.8571428571428571
931 0.8571428571428571
44 0.8333333333333334
920 0.8333333333333334
993 0.8333333333333334
248 0.8
467 0.8
771 0.8
918 0.8
944 0.8
987 0.8
336 0.7777777777777778
392 0.7777777777777778
633 0.7777777777777778
745 0.7777777777777778
87 0.75
679 0.75
930 0.75
0 0.7142857142857143
145 0.7142857142857143
251 0.7142857142857143
853 0.7142857142857143
61 0.7
406 0.7
476 0.7
26 0.6666666666666666
64 0.6666666666666666
119 0.6666666666666666
189 0.6666666666666666
232 0.6666666666666666
280 0.6666666666666666
342 0.6666666666666666
368 0.6666666666666666
459 0.6666666666666666
463 0.6666666666666666
464 0.6666666666666666
472 0.6666666666666666
655 0.6666666666666666
705 0.6666666666666666
724 0.6666666666666666
777 0.6666666666666666
889 0.6666666666666666
891 0.6666666666666666
925 0.6666666666666666
977 0.6666666666666666
997 0.6666666666666666
273 0.625
369 0.625
560 0.6
610 0.6
681 0.6
71 0.5714285714285714
121 0.5714285714285714
174 0.5714285714285714
286 0.5714285714285714
296 0.5714285714285714
329 0.5714285714285714
360 0.5714285714285714
365 0.5714285714285714
393 0.5714285714285714
408 0.5714285714285714
442 0.5714285714285714
449 0.5714285714285714
691 0.5714285714285714
763 0.5714285714285714
798 0.5714285714285714
802 0.5714285714285714
817 0.5714285714285714
826 0.5714285714285714
833 0.5714285714285714
902 0.5714285714285714
965 0.5714285714285714
981 0.5714285714285714
988 0.5714285714285714
241 0.5555555555555556
919 0.5555555555555556
955 0.5454545454545454
20 0.5
43 0.5
48 0.5
78 0.5
85 0.5
94 0.5
135 0.5
170 0.5
178 0.5
179 0.5
181 0.5
