180 1.0
476 1.0
615 1.0
769 1.0
75 0.9
46 0.8571428571428571
914 0.8571428571428571
224 0.8
238 0.75
241 0.75
245 0.75
60 0.7
381 0.7
59 0.6666666666666666
112 0.6666666666666666
211 0.6666666666666666
364 0.6666666666666666
380 0.6666666666666666
515 0.6666666666666666
770 0.6666666666666666
842 0.6666666666666666
965 0.6666666666666666
210 0.625
219 0.625
847 0.625
986 0.625
184 0.5714285714285714
295 0.5714285714285714
301 0.5714285714285714
346 0.5714285714285714
350 0.5714285714285714
416 0.5714285714285714
489 0.5714285714285714
633 0.5714285714285714
658 0.5714285714285714
669 0.5714285714285714
715 0.5714285714285714
716 0.5714285714285714
723 0.5714285714285714
742 0.5714285714285714
730 0.5384615384615384
51 0.5
89 0.5
92 0.5
137 0.5
203 0.5
209 0.5
214 0.5
218 0.5
234 0.5
242 0.5
243 0.5
311 0.5
330 0.5
341 0.5
366 0.5
371 0.5
373 0.5
424 0.5
427 0.5
457 0.5
506 0.5
518 0.5
526 0.5
540 0.5
559 0.5
612 0.5
618 0.5
621 0.5
735 0.5
752 0.5
781 0.5
824 0.5
905 0.5
915 0.5
946 0.5
954 0.5
964 0.5
412 0.45454545454545453
28 0.4444444444444444
41 0.4444444444444444
53 0.4444444444444444
76 0.4444444444444444
131 0.4444444444444444
143 0.4444444444444444
260 0.4444444444444444
324 0.4444444444444444
347 0.4444444444444444
392 0.4444444444444444
461 0.4444444444444444
477 0.4444444444444444
582 0.4444444444444444
610 0.4444444444444444
652 0.4444444444444444
692 0.4444444444444444
804 0.4444444444444444
826 0.4444444444444444
861 0.4444444444444444
7 0.42857142857142855
108 0.42857142857142855
