350 0.8571428571428571
971 0.8181818181818182
317 0.75
498 0.75
940 0.75
47 0.6666666666666666
60 0.6666666666666666
96 0.6666666666666666
311 0.6666666666666666
371 0.6666666666666666
410 0.6666666666666666
624 0.6666666666666666
822 0.6666666666666666
912 0.6666666666666666
946 0.6666666666666666
714 0.625
907 0.625
345 0.5833333333333334
230 0.5714285714285714
402 0.5714285714285714
466 0.5714285714285714
550 0.5714285714285714
598 0.5714285714285714
612 0.5714285714285714
628 0.5714285714285714
663 0.5714285714285714
664 0.5714285714285714
666 0.5714285714285714
681 0.5714285714285714
710 0.5714285714285714
767 0.5714285714285714
873 0.5714285714285714
887 0.5714285714285714
609 0.5555555555555556
726 0.5555555555555556
897 0.5555555555555556
593 0.5454545454545454
692 0.5454545454545454
10 0.5
17 0.5
55 0.5
87 0.5
115 0.5
126 0.5
135 0.5
251 0.5
278 0.5
348 0.5
364 0.5
372 0.5
403 0.5
417 0.5
426 0.5
457 0.5
484 0.5
508 0.5
515 0.5
519 0.5
530 0.5
565 0.5
611 0.5
614 0.5
621 0.5
627 0.5
659 0.5
688 0.5
824 0.5
826 0.5
981 0.5
14 0.46153846153846156
648 0.46153846153846156
52 0.4444444444444444
97 0.4444444444444444
140 0.4444444444444444
236 0.4444444444444444
440 0.4444444444444444
594 0.4444444444444444
695 0.4444444444444444
735 0.4444444444444444
797 0.4444444444444444
801 0.4444444444444444
828 0.4444444444444444
9 0.42857142857142855
61 0.42857142857142855
108 0.42857142857142855
129 0.42857142857142855
201 0.42857142857142855
238 0.42857142857142855
328 0.42857142857142855
354 0.42857142857142855
465 0.42857142857142855
474 0.42857142857142855
654 0.42857142857142855
662 0.42857142857142855
675 0.42857142857142855
741 0.42857142857142855
850 0.42857142857142855
881 0.42857142857142855
915 0.42857142857142855
100 0.4166666666666667
