114 1.0
721 0.8
925 0.8
995 0.8
343 0.75
353 0.75
580 0.7272727272727273
25 0.6666666666666666
125 0.6666666666666666
127 0.6666666666666666
218 0.6666666666666666
264 0.6666666666666666
448 0.6666666666666666
592 0.6666666666666666
707 0.6666666666666666
810 0.6666666666666666
421 0.625
921 0.625
136 0.6
1 0.5714285714285714
23 0.5714285714285714
126 0.5714285714285714
235 0.5714285714285714
238 0.5714285714285714
248 0.5714285714285714
303 0.5714285714285714
320 0.5714285714285714
357 0.5714285714285714
458 0.5714285714285714
515 0.5714285714285714
577 0.5714285714285714
706 0.5555555555555556
775 0.5555555555555556
3 0.5
13 0.5
75 0.5
92 0.5
101 0.5
122 0.5
124 0.5
130 0.5
255 0.5
257 0.5
286 0.5
328 0.5
399 0.5
444 0.5
460 0.5
531 0.5
600 0.5
713 0.5
727 0.5
743 0.5
745 0.5
751 0.5
752 0.5
782 0.5
959 0.5
982 0.5
993 0.5
61 0.45454545454545453
221 0.45454545454545453
516 0.45454545454545453
16 0.4444444444444444
133 0.4444444444444444
146 0.4444444444444444
166 0.4444444444444444
219 0.4444444444444444
535 0.4444444444444444
572 0.4444444444444444
615 0.4444444444444444
668 0.4444444444444444
709 0.4444444444444444
795 0.4444444444444444
808 0.4444444444444444
809 0.4444444444444444
873 0.4444444444444444
875 0.4444444444444444
934 0.4444444444444444
946 0.4444444444444444
38 0.42857142857142855
52 0.42857142857142855
350 0.42857142857142855
363 0.42857142857142855
388 0.42857142857142855
496 0.42857142857142855
510 0.42857142857142855
601 0.42857142857142855
612 0.42857142857142855
616 0.42857142857142855
766 0.42857142857142855
831 0.42857142857142855
948 0.42857142857142855
981 0.42857142857142855
996 0.42857142857142855
149 0.4166666666666667
39 0.4
204 0.4
249 0.4
304 0.4
