640 0.875
705 0.875
864 0.875
944 0.875
436 0.8571428571428571
115 0.8333333333333334
870 0.8
734 0.7777777777777778
24 0.75
376 0.75
715 0.75
732 0.75
33 0.7142857142857143
832 0.7
14 0.6666666666666666
76 0.6666666666666666
140 0.6666666666666666
326 0.6666666666666666
409 0.6666666666666666
423 0.6666666666666666
522 0.6666666666666666
672 0.6666666666666666
722 0.6666666666666666
859 0.6666666666666666
903 0.6666666666666666
910 0.6666666666666666
962 0.6666666666666666
971 0.6666666666666666
108 0.625
262 0.625
895 0.625
938 0.625
274 0.6
317 0.6
692 0.6
979 0.6
16 0.5714285714285714
25 0.5714285714285714
30 0.5714285714285714
40 0.5714285714285714
99 0.5714285714285714
319 0.5714285714285714
338 0.5714285714285714
429 0.5714285714285714
503 0.5714285714285714
576 0.5714285714285714
578 0.5714285714285714
769 0.5714285714285714
897 0.5714285714285714
908 0.5714285714285714
935 0.5714285714285714
64 0.5
163 0.5
203 0.5
217 0.5
247 0.5
352 0.5
366 0.5
379 0.5
391 0.5
412 0.5
435 0.5
446 0.5
463 0.5
475 0.5
502 0.5
520 0.5
558 0.5
566 0.5
694 0.5
696 0.5
698 0.5
747 0.5
766 0.5
874 0.5
882 0.5
886 0.5
920 0.5
964 0.5
697 0.45454545454545453
56 0.4444444444444444
79 0.4444444444444444
114 0.4444444444444444
118 0.4444444444444444
162 0.4444444444444444
286 0.4444444444444444
309 0.4444444444444444
332 0.4444444444444444
334 0.4444444444444444
375 0.4444444444444444
482 0.4444444444444444
649 0.4444444444444444
678 0.4444444444444444
755 0.4444444444444444
826 0.4444444444444444
912 0.4444444444444444
913 0.4444444444444444
918 0.4444444444444444
60 0.42857142857142855
84 0.42857142857142855
