235 1.0
370 1.0
182 0.875
984 0.875
255 0.8333333333333334
796 0.8181818181818182
748 0.8
808 0.8
953 0.7272727272727273
81 0.7142857142857143
119 0.7142857142857143
534 0.7142857142857143
149 0.7
3 0.6666666666666666
18 0.6666666666666666
124 0.6666666666666666
143 0.6666666666666666
179 0.6666666666666666
184 0.6666666666666666
252 0.6666666666666666
292 0.6666666666666666
315 0.6666666666666666
419 0.6666666666666666
434 0.6666666666666666
494 0.6666666666666666
527 0.6666666666666666
629 0.6666666666666666
680 0.6666666666666666
689 0.6666666666666666
790 0.6666666666666666
826 0.6666666666666666
836 0.6666666666666666
878 0.6666666666666666
948 0.6666666666666666
694 0.6363636363636364
663 0.625
960 0.625
293 0.6
513 0.6
28 0.5714285714285714
41 0.5714285714285714
92 0.5714285714285714
108 0.5714285714285714
265 0.5714285714285714
323 0.5714285714285714
369 0.5714285714285714
401 0.5714285714285714
409 0.5714285714285714
478 0.5714285714285714
561 0.5714285714285714
577 0.5714285714285714
609 0.5714285714285714
628 0.5714285714285714
760 0.5714285714285714
765 0.5714285714285714
318 0.5555555555555556
7 0.5
98 0.5
144 0.5
206 0.5
212 0.5
226 0.5
269 0.5
392 0.5
463 0.5
640 0.5
690 0.5
727 0.5
732 0.5
750 0.5
777 0.5
869 0.5
969 0.5
985 0.5
986 0.5
6 0.45454545454545453
163 0.45454545454545453
422 0.45454545454545453
921 0.45454545454545453
12 0.4444444444444444
25 0.4444444444444444
103 0.4444444444444444
154 0.4444444444444444
169 0.4444444444444444
172 0.4444444444444444
388 0.4444444444444444
455 0.4444444444444444
530 0.4444444444444444
536 0.4444444444444444
560 0.4444444444444444
619 0.4444444444444444
650 0.4444444444444444
741 0.4444444444444444
769 0.4444444444444444
809 0.4444444444444444
900 0.4444444444444444
992 0.4444444444444444
30 0.42857142857142855
49 0.42857142857142855
197 0.42857142857142855
