884 1.0
868 0.8571428571428571
251 0.8
316 0.8
984 0.8
246 0.7777777777777778
346 0.7777777777777778
560 0.7777777777777778
725 0.75
917 0.75
401 0.7142857142857143
589 0.7142857142857143
275 0.7
60 0.6666666666666666
94 0.6666666666666666
175 0.6666666666666666
359 0.6666666666666666
508 0.6666666666666666
580 0.6666666666666666
623 0.6666666666666666
710 0.6666666666666666
730 0.6666666666666666
777 0.6666666666666666
811 0.6666666666666666
847 0.6666666666666666
885 0.6666666666666666
402 0.6363636363636364
55 0.6
7 0.5714285714285714
54 0.5714285714285714
109 0.5714285714285714
174 0.5714285714285714
178 0.5714285714285714
187 0.5714285714285714
201 0.5714285714285714
263 0.5714285714285714
318 0.5714285714285714
324 0.5714285714285714
526 0.5714285714285714
528 0.5714285714285714
649 0.5714285714285714
654 0.5714285714285714
741 0.5714285714285714
750 0.5714285714285714
994 0.5714285714285714
376 0.5555555555555556
804 0.5555555555555556
30 0.5
35 0.5
76 0.5
81 0.5
91 0.5
98 0.5
144 0.5
170 0.5
180 0.5
200 0.5
254 0.5
284 0.5
307 0.5
328 0.5
378 0.5
387 0.5
397 0.5
414 0.5
423 0.5
465 0.5
496 0.5
516 0.5
544 0.5
564 0.5
603 0.5
668 0.5
706 0.5
724 0.5
755 0.5
784 0.5
805 0.5
850 0.5
874 0.5
878 0.5
902 0.5
939 0.5
26 0.4444444444444444
28 0.4444444444444444
46 0.4444444444444444
59 0.4444444444444444
141 0.4444444444444444
308 0.4444444444444444
474 0.4444444444444444
495 0.4444444444444444
512 0.4444444444444444
601 0.4444444444444444
611 0.4444444444444444
686 0.4444444444444444
780 0.4444444444444444
822 0.4444444444444444
833 0.4444444444444444
19 0.42857142857142855
83 0.42857142857142855
