463 1.0
506 0.8333333333333334
416 0.8
500 0.7777777777777778
118 0.75
137 0.75
792 0.75
977 0.75
106 0.7142857142857143
80 0.6666666666666666
139 0.6666666666666666
158 0.6666666666666666
190 0.6666666666666666
299 0.6666666666666666
431 0.6666666666666666
664 0.6666666666666666
887 0.6666666666666666
901 0.6666666666666666
968 0.6666666666666666
390 0.6363636363636364
381 0.625
580 0.625
456 0.6
14 0.5714285714285714
36 0.5714285714285714
176 0.5714285714285714
205 0.5714285714285714
291 0.5714285714285714
362 0.5714285714285714
461 0.5714285714285714
477 0.5714285714285714
502 0.5714285714285714
665 0.5714285714285714
681 0.5714285714285714
688 0.5714285714285714
248 0.5555555555555556
265 0.5555555555555556
279 0.5555555555555556
467 0.5555555555555556
847 0.5555555555555556
44 0.5
117 0.5
293 0.5
300 0.5
325 0.5
374 0.5
478 0.5
513 0.5
563 0.5
579 0.5
605 0.5
651 0.5
654 0.5
719 0.5
760 0.5
863 0.5
874 0.5
892 0.5
938 0.5
944 0.5
985 0.5
435 0.45454545454545453
648 0.45454545454545453
655 0.45454545454545453
3 0.4444444444444444
24 0.4444444444444444
71 0.4444444444444444
178 0.4444444444444444
231 0.4444444444444444
306 0.4444444444444444
364 0.4444444444444444
368 0.4444444444444444
395 0.4444444444444444
448 0.4444444444444444
555 0.4444444444444444
567 0.4444444444444444
627 0.4444444444444444
735 0.4444444444444444
951 0.4444444444444444
53 0.42857142857142855
77 0.42857142857142855
198 0.42857142857142855
284 0.42857142857142855
286 0.42857142857142855
352 0.42857142857142855
443 0.42857142857142855
493 0.42857142857142855
539 0.42857142857142855
564 0.42857142857142855
585 0.42857142857142855
670 0.42857142857142855
804 0.42857142857142855
850 0.42857142857142855
853 0.42857142857142855
854 0.42857142857142855
919 0.42857142857142855
924 0.42857142857142855
971 0.42857142857142855
982 0.42857142857142855
10 0.4
