600 0.875
962 0.8571428571428571
494 0.8333333333333334
398 0.8
641 0.8
850 0.8
138 0.75
193 0.7142857142857143
748 0.7142857142857143
487 0.7
214 0.6666666666666666
406 0.6666666666666666
414 0.6666666666666666
485 0.6666666666666666
585 0.6666666666666666
681 0.6666666666666666
730 0.6666666666666666
778 0.6666666666666666
996 0.6666666666666666
232 0.6363636363636364
422 0.6363636363636364
877 0.625
26 0.6
466 0.6
114 0.5714285714285714
145 0.5714285714285714
345 0.5714285714285714
501 0.5714285714285714
532 0.5714285714285714
556 0.5714285714285714
559 0.5714285714285714
591 0.5714285714285714
595 0.5714285714285714
604 0.5714285714285714
843 0.5714285714285714
990 0.5714285714285714
602 0.5555555555555556
976 0.5555555555555556
8 0.5
43 0.5
180 0.5
207 0.5
231 0.5
264 0.5
281 0.5
399 0.5
413 0.5
434 0.5
496 0.5
538 0.5
566 0.5
738 0.5
798 0.5
837 0.5
860 0.5
901 0.5
903 0.5
936 0.5
965 0.5
42 0.4444444444444444
163 0.4444444444444444
313 0.4444444444444444
323 0.4444444444444444
339 0.4444444444444444
371 0.4444444444444444
407 0.4444444444444444
425 0.4444444444444444
472 0.4444444444444444
549 0.4444444444444444
560 0.4444444444444444
571 0.4444444444444444
582 0.4444444444444444
592 0.4444444444444444
671 0.4444444444444444
838 0.4444444444444444
95 0.42857142857142855
104 0.42857142857142855
109 0.42857142857142855
144 0.42857142857142855
195 0.42857142857142855
267 0.42857142857142855
290 0.42857142857142855
319 0.42857142857142855
370 0.42857142857142855
416 0.42857142857142855
421 0.42857142857142855
458 0.42857142857142855
464 0.42857142857142855
478 0.42857142857142855
540 0.42857142857142855
756 0.42857142857142855
766 0.42857142857142855
869 0.42857142857142855
891 0.42857142857142855
955 0.42857142857142855
704 0.4166666666666667
792 0.4166666666666667
62 0.4
228 0.4
315 0.4
