635 1.0
3978 1.0
9887 1.0
1541 0.8571428571428571
4981 0.8571428571428571
5508 0.8571428571428571
404 0.8333333333333334
4502 0.8333333333333334
8655 0.8333333333333334
9140 0.8333333333333334
9584 0.8333333333333334
2334 0.8181818181818182
329 0.8
1202 0.8
2858 0.8
3017 0.8
5534 0.8
5575 0.8
6461 0.8
8603 0.8
9936 0.8
570 0.7777777777777778
3463 0.7777777777777778
4456 0.7777777777777778
7675 0.7777777777777778
8487 0.7777777777777778
8925 0.7777777777777778
328 0.75
1500 0.75
3175 0.75
4153 0.75
4185 0.75
4631 0.75
6077 0.75
7897 0.75
8552 0.75
8940 0.75
9517 0.75
1315 0.7272727272727273
4130 0.7272727272727273
5256 0.7272727272727273
376 0.7142857142857143
783 0.7142857142857143
2720 0.7142857142857143
2915 0.7142857142857143
3475 0.7142857142857143
5705 0.7142857142857143
6492 0.7142857142857143
7381 0.7142857142857143
9722 0.7142857142857143
9743 0.7142857142857143
2701 0.7
6984 0.7
7272 0.7
8260 0.7
9168 0.7
9316 0.7
83 0.6666666666666666
806 0.6666666666666666
901 0.6666666666666666
957 0.6666666666666666
964 0.6666666666666666
1026 0.6666666666666666
1075 0.6666666666666666
1145 0.6666666666666666
1240 0.6666666666666666
1394 0.6666666666666666
1487 0.6666666666666666
1510 0.6666666666666666
1543 0.6666666666666666
1578 0.6666666666666666
1756 0.6666666666666666
2170 0.6666666666666666
2238 0.6666666666666666
2293 0.6666666666666666
2327 0.6666666666666666
2435 0.6666666666666666
2486 0.6666666666666666
2657 0.6666666666666666
2668 0.6666666666666666
2711 0.6666666666666666
2767 0.6666666666666666
2860 0.6666666666666666
2872 0.6666666666666666
3032 0.6666666666666666
3090 0.6666666666666666
3261 0.6666666666666666
3295 0.6666666666666666
3423 0.6666666666666666
3680 0.6666666666666666
3777 0.6666666666666666
3861 0.6666666666666666
4244 0.6666666666666666
4342 0.6666666666666666
4472 0.6666666666666666
4535 0.6666666666666666
5062 0.6666666666666666
5121 0.6666666666666666
5471 0.6666666666666666
5874 0.6666666666666666
6005 0.6666666666666666
6028 0.6666666666666666
6397 0.6666666666666666
6429 0.6666666666666666
6532 0.6666666666666666
6757 0.6666666666666666
6925 0.6666666666666666
6929 0.6666666666666666
7200 0.6666666666666666
7514 0.6666666666666666
7745 0.6666666666666666
7988 0.6666666666666666
8019 0.6666666666666666
8056 0.6666666666666666
8358 0.6666666666666666
8683 0.6666666666666666
8744 0.6666666666666666
8845 0.6666666666666666
9060 0.6666666666666666
9158 0.6666666666666666
9170 0.6666666666666666
9206 0.6666666666666666
9396 0.6666666666666666
9499 0.6666666666666666
9777 0.6666666666666666
9790 0.6666666666666666
805 0.6363636363636364
1709 0.6363636363636364
6988 0.6363636363636364
1926 0.625
2977 0.625
4205 0.625
5435 0.625
6755 0.625
7169 0.625
7181 0.625
9471 0.625
9755 0.625
406 0.6
514 0.6
873 0.6
1378 0.6
2521 0.6
3715 0.6
3990 0.6
4220 0.6
6730 0.6
6805 0.6
7392 0.6
7688 0.6
7756 0.6
8970 0.6
9365 0.6
9665 0.6
9808 0.6
7019 0.5833333333333334
150 0.5714285714285714
402 0.5714285714285714
610 0.5714285714285714
631 0.5714285714285714
661 0.5714285714285714
724 0.5714285714285714
888 0.5714285714285714
899 0.5714285714285714
993 0.5714285714285714
1025 0.5714285714285714
1212 0.5714285714285714
1477 0.5714285714285714
1569 0.5714285714285714
1638 0.5714285714285714
1777 0.5714285714285714
1800 0.5714285714285714
1906 0.5714285714285714
2025 0.5714285714285714
2058 0.5714285714285714
2794 0.5714285714285714
2868 0.5714285714285714
2891 0.5714285714285714
3209 0.5714285714285714
3284 0.5714285714285714
3303 0.5714285714285714
3467 0.5714285714285714
3769 0.5714285714285714
3868 0.5714285714285714
3890 0.5714285714285714
3944 0.5714285714285714
3977 0.5714285714285714
4031 0.5714285714285714
4040 0.5714285714285714
4062 0.5714285714285714
4287 0.5714285714285714
4356 0.5714285714285714
4598 0.5714285714285714
4732 0.5714285714285714
4743 0.5714285714285714
4959 0.5714285714285714
4971 0.5714285714285714
5137 0.5714285714285714
5182 0.5714285714285714
5490 0.5714285714285714
5526 0.5714285714285714
5932 0.5714285714285714
6052 0.5714285714285714
6064 0.5714285714285714
6084 0.5714285714285714
6327 0.5714285714285714
6342 0.5714285714285714
6622 0.5714285714285714
6681 0.5714285714285714
6764 0.5714285714285714
6935 0.5714285714285714
7103 0.5714285714285714
7159 0.5714285714285714
7494 0.5714285714285714
7506 0.5714285714285714
7578 0.5714285714285714
7852 0.5714285714285714
7890 0.5714285714285714
7894 0.5714285714285714
7903 0.5714285714285714
8288 0.5714285714285714
8475 0.5714285714285714
8577 0.5714285714285714
8648 0.5714285714285714
8728 0.5714285714285714
8895 0.5714285714285714
8937 0.5714285714285714
9538 0.5714285714285714
9796 0.5714285714285714
9927 0.5714285714285714
192 0.5555555555555556
214 0.5555555555555556
359 0.5555555555555556
1322 0.5555555555555556
1420 0.5555555555555556
1586 0.5555555555555556
1696 0.5555555555555556
5637 0.5555555555555556
7106 0.5555555555555556
7815 0.5555555555555556
8531 0.5555555555555556
8735 0.5555555555555556
6865 0.5454545454545454
7740 0.5454545454545454
7989 0.5454545454545454
9901 0.5454545454545454
4069 0.5384615384615384
292 0.5
372 0.5
384 0.5
401 0.5
420 0.5
439 0.5
506 0.5
703 0.5
716 0.5
780 0.5
863 0.5
886 0.5
914 0.5
925 0.5
1019 0.5
1107 0.5
1234 0.5
1303 0.5
1305 0.5
1432 0.5
1529 0.5
1549 0.5
1697 0.5
1784 0.5
2108 0.5
2109 0.5
2152 0.5
2255 0.5
2311 0.5
2496 0.5
2569 0.5
2754 0.5
2811 0.5
2840 0.5
2867 0.5
3087 0.5
3112 0.5
3191 0.5
3248 0.5
3293 0.5
3324 0.5
3326 0.5
3415 0.5
3433 0.5
3483 0.5
3510 0.5
3588 0.5
3634 0.5
3661 0.5
3760 0.5
3818 0.5
3823 0.5
3877 0.5
3896 0.5
3946 0.5
4001 0.5
4181 0.5
4241 0.5
4285 0.5
4337 0.5
4431 0.5
4514 0.5
4520 0.5
4736 0.5
4801 0.5
4811 0.5
4910 0.5
4951 0.5
4977 0.5
5015 0.5
5019 0.5
5067 0.5
5147 0.5
5190 0.5
5333 0.5
5352 0.5
5373 0.5
5425 0.5
5502 0.5
5516 0.5
5593 0.5
5612 0.5
5690 0.5
5748 0.5
5787 0.5
5876 0.5
5956 0.5
6024 0.5
6146 0.5
6207 0.5
6371 0.5
6387 0.5
6428 0.5
6509 0.5
6551 0.5
6558 0.5
6591 0.5
6795 0.5
6898 0.5
6960 0.5
6994 0.5
6996 0.5
7085 0.5
7358 0.5
7367 0.5
7475 0.5
7521 0.5
7565 0.5
7579 0.5
7660 0.5
7666 0.5
7871 0.5
8032 0.5
8071 0.5
8111 0.5
8335 0.5
8346 0.5
8347 0.5
8436 0.5
8542 0.5
8545 0.5
8695 0.5
8745 0.5
8900 0.5
8986 0.5
9000 0.5
9062 0.5
9085 0.5
9150 0.5
9245 0.5
9254 0.5
9295 0.5
9302 0.5
9359 0.5
9475 0.5
9512 0.5
9528 0.5
9552 0.5
9555 0.5
9627 0.5
9647 0.5
9712 0.5
9856 0.5
893 0.4666666666666667
1567 0.46153846153846156
8607 0.46153846153846156
1224 0.45454545454545453
6218 0.45454545454545453
6968 0.45454545454545453
9812 0.45454545454545453
90 0.4444444444444444
237 0.4444444444444444
403 0.4444444444444444
495 0.4444444444444444
645 0.4444444444444444
683 0.4444444444444444
736 0.4444444444444444
841 0.4444444444444444
881 0.4444444444444444
1000 0.4444444444444444
1053 0.4444444444444444
1076 0.4444444444444444
1168 0.4444444444444444
1504 0.4444444444444444
1535 0.4444444444444444
1546 0.4444444444444444
1795 0.4444444444444444
1824 0.4444444444444444
1828 0.4444444444444444
1964 0.4444444444444444
2150 0.4444444444444444
2375 0.4444444444444444
2503 0.4444444444444444
2790 0.4444444444444444
2799 0.4444444444444444
2932 0.4444444444444444
3030 0.4444444444444444
3098 0.4444444444444444
3105 0.4444444444444444
3110 0.4444444444444444
3213 0.4444444444444444
3231 0.4444444444444444
3353 0.4444444444444444
3404 0.4444444444444444
3487 0.4444444444444444
3616 0.4444444444444444
3675 0.4444444444444444
3814 0.4444444444444444
3828 0.4444444444444444
3904 0.4444444444444444
3929 0.4444444444444444
3957 0.4444444444444444
4012 0.4444444444444444
4046 0.4444444444444444
4253 0.4444444444444444
4396 0.4444444444444444
4397 0.4444444444444444
4439 0.4444444444444444
4451 0.4444444444444444
4452 0.4444444444444444
4614 0.4444444444444444
4632 0.4444444444444444
4653 0.4444444444444444
4756 0.4444444444444444
4804 0.4444444444444444
4835 0.4444444444444444
4848 0.4444444444444444
5108 0.4444444444444444
5197 0.4444444444444444
5257 0.4444444444444444
5297 0.4444444444444444
5355 0.4444444444444444
5394 0.4444444444444444
5568 0.4444444444444444
5755 0.4444444444444444
5792 0.4444444444444444
5829 0.4444444444444444
5912 0.4444444444444444
5926 0.4444444444444444
5986 0.4444444444444444
6076 0.4444444444444444
6125 0.4444444444444444
6140 0.4444444444444444
6215 0.4444444444444444
6264 0.4444444444444444
6401 0.4444444444444444
6489 0.4444444444444444
6552 0.4444444444444444
6704 0.4444444444444444
6952 0.4444444444444444
7043 0.4444444444444444
7096 0.4444444444444444
7198 0.4444444444444444
7217 0.4444444444444444
7718 0.4444444444444444
7804 0.4444444444444444
7823 0.4444444444444444
7841 0.4444444444444444
7898 0.4444444444444444
8043 0.4444444444444444
8053 0.4444444444444444
8096 0.4444444444444444
8164 0.4444444444444444
8209 0.4444444444444444
8251 0.4444444444444444
8262 0.4444444444444444
8328 0.4444444444444444
8469 0.4444444444444444
8516 0.4444444444444444
8669 0.4444444444444444
9053 0.4444444444444444
9129 0.4444444444444444
9250 0.4444444444444444
9270 0.4444444444444444
9496 0.4444444444444444
9629 0.4444444444444444
9659 0.4444444444444444
9709 0.4444444444444444
9804 0.4444444444444444
9873 0.4444444444444444
9992 0.4444444444444444
9 0.42857142857142855
155 0.42857142857142855
400 0.42857142857142855
490 0.42857142857142855
748 0.42857142857142855
766 0.42857142857142855
792 0.42857142857142855
857 0.42857142857142855
920 0.42857142857142855
977 0.42857142857142855
981 0.42857142857142855
1032 0.42857142857142855
1515 0.42857142857142855
1542 0.42857142857142855
1621 0.42857142857142855
1646 0.42857142857142855
1730 0.42857142857142855
1805 0.42857142857142855
2095 0.42857142857142855
2126 0.42857142857142855
2149 0.42857142857142855
2265 0.42857142857142855
2564 0.42857142857142855
2592 0.42857142857142855
2653 0.42857142857142855
3074 0.42857142857142855
3171 0.42857142857142855
3345 0.42857142857142855
3363 0.42857142857142855
3390 0.42857142857142855
3422 0.42857142857142855
3606 0.42857142857142855
3615 0.42857142857142855
3640 0.42857142857142855
3718 0.42857142857142855
3764 0.42857142857142855
3817 0.42857142857142855
3961 0.42857142857142855
4075 0.42857142857142855
4242 0.42857142857142855
4462 0.42857142857142855
4508 0.42857142857142855
4517 0.42857142857142855
4522 0.42857142857142855
4772 0.42857142857142855
4778 0.42857142857142855
4795 0.42857142857142855
5043 0.42857142857142855
5055 0.42857142857142855
5098 0.42857142857142855
5134 0.42857142857142855
5165 0.42857142857142855
5265 0.42857142857142855
5382 0.42857142857142855
5592 0.42857142857142855
5633 0.42857142857142855
5759 0.42857142857142855
5814 0.42857142857142855
5865 0.42857142857142855
6054 0.42857142857142855
6085 0.42857142857142855
6089 0.42857142857142855
6111 0.42857142857142855
6194 0.42857142857142855
6306 0.42857142857142855
6438 0.42857142857142855
6543 0.42857142857142855
6648 0.42857142857142855
6820 0.42857142857142855
6852 0.42857142857142855
6986 0.42857142857142855
7095 0.42857142857142855
7129 0.42857142857142855
7157 0.42857142857142855
7280 0.42857142857142855
7348 0.42857142857142855
7563 0.42857142857142855
7628 0.42857142857142855
7750 0.42857142857142855
7943 0.42857142857142855
7965 0.42857142857142855
7971 0.42857142857142855
8232 0.42857142857142855
8269 0.42857142857142855
8285 0.42857142857142855
8314 0.42857142857142855
8414 0.42857142857142855
8581 0.42857142857142855
8586 0.42857142857142855
8689 0.42857142857142855
8757 0.42857142857142855
8904 0.42857142857142855
9012 0.42857142857142855
9051 0.42857142857142855
9151 0.42857142857142855
9447 0.42857142857142855
9452 0.42857142857142855
9456 0.42857142857142855
9579 0.42857142857142855
9713 0.42857142857142855
9850 0.42857142857142855
9870 0.42857142857142855
9943 0.42857142857142855
1952 0.4166666666666667
3330 0.4166666666666667
4415 0.4166666666666667
5875 0.4166666666666667
7941 0.4166666666666667
8629 0.4166666666666667
9586 0.4166666666666667
797 0.4117647058823529
100 0.4
106 0.4
129 0.4
181 0.4
304 0.4
310 0.4
314 0.4
361 0.4
681 0.4
709 0.4
802 0.4
998 0.4
1038 0.4
1111 0.4
1158 0.4
1165 0.4
1334 0.4
1335 0.4
1397 0.4
1599 0.4
1716 0.4
1799 0.4
1981 0.4
2098 0.4
2192 0.4
2299 0.4
2365 0.4
2379 0.4
2581 0.4
2677 0.4
2698 0.4
2853 0.4
2906 0.4
3050 0.4
3056 0.4
3104 0.4
3184 0.4
3230 0.4
3240 0.4
3331 0.4
3342 0.4
3373 0.4
3403 0.4
3460 0.4
3517 0.4
3608 0.4
3726 0.4
3884 0.4
4017 0.4
4591 0.4
4633 0.4
4636 0.4
4657 0.4
4680 0.4
4701 0.4
4702 0.4
4786 0.4
4851 0.4
4885 0.4
5080 0.4
5233 0.4
5253 0.4
5319 0.4
5544 0.4
5584 0.4
5626 0.4
5696 0.4
5728 0.4
5774 0.4
5784 0.4
5861 0.4
5895 0.4
6129 0.4
6157 0.4
6174 0.4
6251 0.4
6455 0.4
6473 0.4
6635 0.4
6747 0.4
6857 0.4
6873 0.4
6930 0.4
6932 0.4
6983 0.4
7133 0.4
7263 0.4
7271 0.4
7274 0.4
7293 0.4
7320 0.4
7368 0.4
7478 0.4
7676 0.4
7724 0.4
7784 0.4
7901 0.4
7970 0.4
8018 0.4
8271 0.4
8366 0.4
8485 0.4
8492 0.4
8495 0.4
8500 0.4
8708 0.4
8756 0.4
8815 0.4
8856 0.4
8862 0.4
8872 0.4
8941 0.4
9111 0.4
9160 0.4
9177 0.4
9414 0.4
9588 0.4
9595 0.4
9598 0.4
9648 0.4
9793 0.4
9968 0.4
9989 0.4
793 0.38461538461538464
1426 0.38461538461538464
1597 0.38461538461538464
3005 0.38461538461538464
4264 0.38461538461538464
4371 0.38461538461538464
4748 0.38461538461538464
5520 0.38461538461538464
5907 0.38461538461538464
6971 0.38461538461538464
7843 0.38461538461538464
7861 0.38461538461538464
8234 0.38461538461538464
9016 0.38461538461538464
307 0.375
318 0.375
371 0.375
435 0.375
468 0.375
511 0.375
528 0.375
623 0.375
774 0.375
804 0.375
846 0.375
859 0.375
879 0.375
918 0.375
962 0.375
963 0.375
1043 0.375
1070 0.375
1170 0.375
1222 0.375
1304 0.375
1368 0.375
1452 0.375
1460 0.375
1481 0.375
1513 0.375
1550 0.375
1557 0.375
1558 0.375
1595 0.375
1618 0.375
1633 0.375
1693 0.375
1717 0.375
1841 0.375
1850 0.375
1856 0.375
1897 0.375
1921 0.375
2005 0.375
2047 0.375
2063 0.375
2209 0.375
2417 0.375
2442 0.375
2461 0.375
2643 0.375
2778 0.375
2789 0.375
2813 0.375
2848 0.375
2859 0.375
2904 0.375
2929 0.375
2984 0.375
3085 0.375
3103 0.375
3254 0.375
3302 0.375
3325 0.375
3327 0.375
3396 0.375
3399 0.375
3619 0.375
3620 0.375
3721 0.375
3729 0.375
3741 0.375
3782 0.375
3822 0.375
3888 0.375
3972 0.375
4022 0.375
4026 0.375
4027 0.375
4101 0.375
4282 0.375
4338 0.375
4391 0.375
4432 0.375
4533 0.375
4546 0.375
4552 0.375
4643 0.375
4645 0.375
4670 0.375
4697 0.375
4729 0.375
4781 0.375
4814 0.375
4856 0.375
4907 0.375
4941 0.375
4989 0.375
5042 0.375
5053 0.375
5102 0.375
5148 0.375
5159 0.375
5211 0.375
5426 0.375
5444 0.375
5445 0.375
5485 0.375
5558 0.375
5620 0.375
5635 0.375
5692 0.375
5779 0.375
5808 0.375
5827 0.375
5871 0.375
5883 0.375
5919 0.375
6041 0.375
6109 0.375
6150 0.375
6159 0.375
6219 0.375
6231 0.375
6338 0.375
6379 0.375
6447 0.375
6468 0.375
6476 0.375
6506 0.375
6553 0.375
6592 0.375
6626 0.375
6639 0.375
6682 0.375
6741 0.375
6744 0.375
6775 0.375
6882 0.375
6914 0.375
6938 0.375
6995 0.375
7012 0.375
7057 0.375
7128 0.375
7192 0.375
7225 0.375
7349 0.375
7363 0.375
7418 0.375
7491 0.375
7553 0.375
7585 0.375
7751 0.375
7797 0.375
7908 0.375
8022 0.375
8170 0.375
8283 0.375
8299 0.375
8317 0.375
8372 0.375
8472 0.375
8525 0.375
8532 0.375
8589 0.375
8621 0.375
8622 0.375
8633 0.375
8651 0.375
8723 0.375
8750 0.375
8753 0.375
8781 0.375
8829 0.375
8887 0.375
8898 0.375
8974 0.375
9018 0.375
9130 0.375
9205 0.375
9211 0.375
9278 0.375
9337 0.375
9426 0.375
9478 0.375
9523 0.375
9576 0.375
9624 0.375
9668 0.375
132 0.36363636363636365
254 0.36363636363636365
280 0.36363636363636365
283 0.36363636363636365
601 0.36363636363636365
758 0.36363636363636365
1288 0.36363636363636365
1641 0.36363636363636365
1804 0.36363636363636365
2211 0.36363636363636365
2313 0.36363636363636365
2514 0.36363636363636365
2818 0.36363636363636365
2951 0.36363636363636365
2997 0.36363636363636365
3024 0.36363636363636365
3034 0.36363636363636365
3102 0.36363636363636365
3156 0.36363636363636365
3271 0.36363636363636365
3315 0.36363636363636365
3495 0.36363636363636365
3520 0.36363636363636365
3548 0.36363636363636365
3698 0.36363636363636365
3738 0.36363636363636365
4455 0.36363636363636365
4483 0.36363636363636365
4793 0.36363636363636365
5107 0.36363636363636365
5172 0.36363636363636365
5199 0.36363636363636365
5200 0.36363636363636365
5280 0.36363636363636365
5566 0.36363636363636365
5596 0.36363636363636365
5707 0.36363636363636365
5868 0.36363636363636365
5949 0.36363636363636365
6155 0.36363636363636365
6250 0.36363636363636365
6325 0.36363636363636365
6410 0.36363636363636365
6470 0.36363636363636365
6691 0.36363636363636365
6847 0.36363636363636365
6869 0.36363636363636365
6907 0.36363636363636365
6977 0.36363636363636365
7083 0.36363636363636365
7347 0.36363636363636365
7489 0.36363636363636365
7533 0.36363636363636365
7671 0.36363636363636365
8047 0.36363636363636365
8094 0.36363636363636365
8165 0.36363636363636365
8219 0.36363636363636365
