954 1.0
1272 1.0
1586 1.0
2506 1.0
3187 1.0
3397 1.0
6036 1.0
7087 1.0
9942 1.0
3211 0.9166666666666666
9678 0.9166666666666666
5402 0.9
1211 0.8888888888888888
2809 0.875
6121 0.875
6560 0.875
6810 0.875
8114 0.875
9514 0.875
523 0.8571428571428571
1077 0.8571428571428571
1940 0.8571428571428571
5874 0.8571428571428571
6066 0.8571428571428571
7101 0.8571428571428571
8106 0.8571428571428571
8174 0.8571428571428571
8993 0.8571428571428571
1608 0.8333333333333334
2042 0.8333333333333334
4003 0.8333333333333334
5151 0.8333333333333334
5652 0.8333333333333334
6162 0.8333333333333334
7160 0.8333333333333334
255 0.8
312 0.8
377 0.8
926 0.8
1665 0.8
5935 0.8
6518 0.8
7316 0.8
8779 0.8
8867 0.8
9843 0.8
9961 0.8
73 0.7777777777777778
733 0.7777777777777778
2300 0.7777777777777778
2532 0.7777777777777778
3841 0.7777777777777778
5142 0.7777777777777778
7513 0.7777777777777778
8596 0.7777777777777778
9004 0.7777777777777778
929 0.75
1424 0.75
1538 0.75
2623 0.75
3303 0.75
3524 0.75
4156 0.75
4865 0.75
5042 0.75
5159 0.75
5751 0.75
6635 0.75
6708 0.75
6799 0.75
7995 0.75
8350 0.75
8460 0.75
9067 0.75
9840 0.75
9897 0.75
276 0.7272727272727273
1811 0.7272727272727273
2584 0.7272727272727273
2592 0.7272727272727273
2815 0.7272727272727273
5811 0.7272727272727273
6690 0.7272727272727273
9689 0.7272727272727273
78 0.7142857142857143
648 0.7142857142857143
3314 0.7142857142857143
3547 0.7142857142857143
4692 0.7142857142857143
5673 0.7142857142857143
5756 0.7142857142857143
6392 0.7142857142857143
6702 0.7142857142857143
7068 0.7142857142857143
7270 0.7142857142857143
7366 0.7142857142857143
7485 0.7142857142857143
7527 0.7142857142857143
7820 0.7142857142857143
8530 0.7142857142857143
9070 0.7142857142857143
9217 0.7142857142857143
1012 0.7
2085 0.7
2780 0.7
6116 0.7
6186 0.7
7784 0.7
8583 0.7
9582 0.7
6991 0.6923076923076923
79 0.6666666666666666
88 0.6666666666666666
183 0.6666666666666666
257 0.6666666666666666
269 0.6666666666666666
548 0.6666666666666666
694 0.6666666666666666
1107 0.6666666666666666
1161 0.6666666666666666
1246 0.6666666666666666
1363 0.6666666666666666
1408 0.6666666666666666
1412 0.6666666666666666
1555 0.6666666666666666
1678 0.6666666666666666
1713 0.6666666666666666
1729 0.6666666666666666
1846 0.6666666666666666
1860 0.6666666666666666
2012 0.6666666666666666
2115 0.6666666666666666
2549 0.6666666666666666
2904 0.6666666666666666
2964 0.6666666666666666
2996 0.6666666666666666
3026 0.6666666666666666
3068 0.6666666666666666
3140 0.6666666666666666
3236 0.6666666666666666
3283 0.6666666666666666
3286 0.6666666666666666
3345 0.6666666666666666
3361 0.6666666666666666
3545 0.6666666666666666
3734 0.6666666666666666
3785 0.6666666666666666
4144 0.6666666666666666
4154 0.6666666666666666
4271 0.6666666666666666
4295 0.6666666666666666
4376 0.6666666666666666
4389 0.6666666666666666
4394 0.6666666666666666
4408 0.6666666666666666
4431 0.6666666666666666
4525 0.6666666666666666
4600 0.6666666666666666
4734 0.6666666666666666
4777 0.6666666666666666
4871 0.6666666666666666
4884 0.6666666666666666
4961 0.6666666666666666
5015 0.6666666666666666
5089 0.6666666666666666
5103 0.6666666666666666
5320 0.6666666666666666
5338 0.6666666666666666
5606 0.6666666666666666
5714 0.6666666666666666
5747 0.6666666666666666
5967 0.6666666666666666
6082 0.6666666666666666
6092 0.6666666666666666
6371 0.6666666666666666
6396 0.6666666666666666
6538 0.6666666666666666
6578 0.6666666666666666
6721 0.6666666666666666
6729 0.6666666666666666
6759 0.6666666666666666
6866 0.6666666666666666
7130 0.6666666666666666
7220 0.6666666666666666
7293 0.6666666666666666
7384 0.6666666666666666
7625 0.6666666666666666
7815 0.6666666666666666
7861 0.6666666666666666
7941 0.6666666666666666
7968 0.6666666666666666
8023 0.6666666666666666
8360 0.6666666666666666
8363 0.6666666666666666
8399 0.6666666666666666
8428 0.6666666666666666
8641 0.6666666666666666
8681 0.6666666666666666
8731 0.6666666666666666
8755 0.6666666666666666
8774 0.6666666666666666
8807 0.6666666666666666
8868 0.6666666666666666
8948 0.6666666666666666
9054 0.6666666666666666
9400 0.6666666666666666
9460 0.6666666666666666
9562 0.6666666666666666
9827 0.6666666666666666
9851 0.6666666666666666
9916 0.6666666666666666
1023 0.6363636363636364
1819 0.6363636363636364
6648 0.6363636363636364
6945 0.6363636363636364
7855 0.6363636363636364
8314 0.6363636363636364
353 0.625
381 0.625
1348 0.625
1997 0.625
2829 0.625
4082 0.625
7017 0.625
7069 0.625
7937 0.625
8241 0.625
651 0.6153846153846154
2452 0.6153846153846154
7243 0.6153846153846154
412 0.6
1527 0.6
1694 0.6
2636 0.6
2994 0.6
3401 0.6
4234 0.6
4490 0.6
4643 0.6
4862 0.6
5778 0.6
6090 0.6
6323 0.6
6634 0.6
6967 0.6
7306 0.6
7607 0.6
7914 0.6
7935 0.6
8221 0.6
8568 0.6
8992 0.6
9674 0.6
9735 0.6
4397 0.5833333333333334
7800 0.5833333333333334
10 0.5714285714285714
46 0.5714285714285714
87 0.5714285714285714
94 0.5714285714285714
368 0.5714285714285714
422 0.5714285714285714
446 0.5714285714285714
567 0.5714285714285714
624 0.5714285714285714
667 0.5714285714285714
683 0.5714285714285714
826 0.5714285714285714
978 0.5714285714285714
1149 0.5714285714285714
1188 0.5714285714285714
1364 0.5714285714285714
1442 0.5714285714285714
1566 0.5714285714285714
1612 0.5714285714285714
1621 0.5714285714285714
1646 0.5714285714285714
1889 0.5714285714285714
1937 0.5714285714285714
1974 0.5714285714285714
2034 0.5714285714285714
2180 0.5714285714285714
2447 0.5714285714285714
2701 0.5714285714285714
2870 0.5714285714285714
3149 0.5714285714285714
3164 0.5714285714285714
3336 0.5714285714285714
3338 0.5714285714285714
3544 0.5714285714285714
3567 0.5714285714285714
3635 0.5714285714285714
3720 0.5714285714285714
3764 0.5714285714285714
3788 0.5714285714285714
3848 0.5714285714285714
3939 0.5714285714285714
3974 0.5714285714285714
4099 0.5714285714285714
4186 0.5714285714285714
4420 0.5714285714285714
4461 0.5714285714285714
4680 0.5714285714285714
4703 0.5714285714285714
4781 0.5714285714285714
5295 0.5714285714285714
5322 0.5714285714285714
5484 0.5714285714285714
5507 0.5714285714285714
5605 0.5714285714285714
5640 0.5714285714285714
5692 0.5714285714285714
5889 0.5714285714285714
6154 0.5714285714285714
6158 0.5714285714285714
6440 0.5714285714285714
6458 0.5714285714285714
6460 0.5714285714285714
6512 0.5714285714285714
6514 0.5714285714285714
6786 0.5714285714285714
6939 0.5714285714285714
7123 0.5714285714285714
7377 0.5714285714285714
7398 0.5714285714285714
7632 0.5714285714285714
7660 0.5714285714285714
7807 0.5714285714285714
8029 0.5714285714285714
8065 0.5714285714285714
8359 0.5714285714285714
8494 0.5714285714285714
8647 0.5714285714285714
8742 0.5714285714285714
8798 0.5714285714285714
8887 0.5714285714285714
9151 0.5714285714285714
9192 0.5714285714285714
9204 0.5714285714285714
9232 0.5714285714285714
9378 0.5714285714285714
9543 0.5714285714285714
9698 0.5714285714285714
9782 0.5714285714285714
9808 0.5714285714285714
9813 0.5714285714285714
9838 0.5714285714285714
9875 0.5714285714285714
9944 0.5714285714285714
141 0.5555555555555556
1276 0.5555555555555556
1837 0.5555555555555556
3025 0.5555555555555556
3983 0.5555555555555556
4615 0.5555555555555556
5860 0.5555555555555556
6049 0.5555555555555556
9662 0.5555555555555556
9887 0.5555555555555556
9932 0.5555555555555556
3066 0.5454545454545454
3658 0.5454545454545454
5282 0.5454545454545454
5288 0.5454545454545454
5393 0.5454545454545454
5708 0.5454545454545454
173 0.5
260 0.5
284 0.5
396 0.5
452 0.5
456 0.5
532 0.5
622 0.5
749 0.5
793 0.5
880 0.5
945 0.5
1018 0.5
1021 0.5
1031 0.5
1054 0.5
1114 0.5
1233 0.5
1265 0.5
1298 0.5
1353 0.5
1354 0.5
1422 0.5
1453 0.5
1583 0.5
1691 0.5
1728 0.5
1802 0.5
1911 0.5
1931 0.5
1979 0.5
2020 0.5
2024 0.5
2044 0.5
2064 0.5
2125 0.5
2200 0.5
2204 0.5
2222 0.5
2235 0.5
2290 0.5
2302 0.5
2426 0.5
2603 0.5
2667 0.5
2694 0.5
2785 0.5
2953 0.5
2977 0.5
3005 0.5
3055 0.5
3059 0.5
3073 0.5
3136 0.5
3217 0.5
3374 0.5
3379 0.5
3389 0.5
3403 0.5
3450 0.5
3454 0.5
3455 0.5
3505 0.5
3561 0.5
3601 0.5
3613 0.5
3689 0.5
3792 0.5
3859 0.5
3897 0.5
3899 0.5
3911 0.5
4034 0.5
4043 0.5
4167 0.5
4221 0.5
4224 0.5
4268 0.5
4391 0.5
4411 0.5
4418 0.5
4419 0.5
4424 0.5
4445 0.5
4447 0.5
4566 0.5
4633 0.5
4671 0.5
4725 0.5
4755 0.5
4818 0.5
4854 0.5
4948 0.5
4951 0.5
5033 0.5
5100 0.5
5115 0.5
5186 0.5
5192 0.5
5198 0.5
5275 0.5
5290 0.5
5387 0.5
5444 0.5
5482 0.5
5558 0.5
5561 0.5
5586 0.5
5597 0.5
5627 0.5
5699 0.5
5826 0.5
5910 0.5
5964 0.5
6071 0.5
6233 0.5
6241 0.5
6431 0.5
6435 0.5
6530 0.5
6581 0.5
6582 0.5
6589 0.5
6598 0.5
6612 0.5
6630 0.5
6687 0.5
6744 0.5
6788 0.5
6808 0.5
6994 0.5
7066 0.5
7148 0.5
7157 0.5
7259 0.5
7268 0.5
7286 0.5
7289 0.5
7298 0.5
7308 0.5
7381 0.5
7389 0.5
7409 0.5
7479 0.5
7486 0.5
7566 0.5
7570 0.5
7638 0.5
7672 0.5
7834 0.5
7868 0.5
8046 0.5
8053 0.5
8107 0.5
8167 0.5
8172 0.5
8188 0.5
8197 0.5
8213 0.5
8235 0.5
8238 0.5
8284 0.5
8292 0.5
8306 0.5
8331 0.5
8340 0.5
8370 0.5
8376 0.5
8410 0.5
8421 0.5
8512 0.5
8576 0.5
8598 0.5
8722 0.5
8724 0.5
8733 0.5
8793 0.5
8806 0.5
8846 0.5
8848 0.5
8869 0.5
8872 0.5
8891 0.5
8936 0.5
8940 0.5
9114 0.5
9117 0.5
9118 0.5
9187 0.5
9325 0.5
9333 0.5
9374 0.5
9380 0.5
9512 0.5
9524 0.5
9539 0.5
9593 0.5
9635 0.5
9650 0.5
9710 0.5
9713 0.5
9736 0.5
9745 0.5
9773 0.5
9918 0.5
9945 0.5
9994 0.5
681 0.46153846153846156
7305 0.46153846153846156
9636 0.46153846153846156
170 0.45454545454545453
1677 0.45454545454545453
1680 0.45454545454545453
1908 0.45454545454545453
3598 0.45454545454545453
4011 0.45454545454545453
4101 0.45454545454545453
5668 0.45454545454545453
6561 0.45454545454545453
7391 0.45454545454545453
8714 0.45454545454545453
9566 0.45454545454545453
9767 0.45454545454545453
9989 0.45454545454545453
116 0.4444444444444444
149 0.4444444444444444
236 0.4444444444444444
313 0.4444444444444444
322 0.4444444444444444
329 0.4444444444444444
418 0.4444444444444444
641 0.4444444444444444
757 0.4444444444444444
767 0.4444444444444444
789 0.4444444444444444
832 0.4444444444444444
848 0.4444444444444444
943 0.4444444444444444
1014 0.4444444444444444
1116 0.4444444444444444
1177 0.4444444444444444
1249 0.4444444444444444
1391 0.4444444444444444
1413 0.4444444444444444
1432 0.4444444444444444
1568 0.4444444444444444
1607 0.4444444444444444
1692 0.4444444444444444
1835 0.4444444444444444
1957 0.4444444444444444
1959 0.4444444444444444
2156 0.4444444444444444
2288 0.4444444444444444
2365 0.4444444444444444
2434 0.4444444444444444
2568 0.4444444444444444
2599 0.4444444444444444
2631 0.4444444444444444
2641 0.4444444444444444
2718 0.4444444444444444
2748 0.4444444444444444
2772 0.4444444444444444
2869 0.4444444444444444
2942 0.4444444444444444
3103 0.4444444444444444
3131 0.4444444444444444
3489 0.4444444444444444
3531 0.4444444444444444
3604 0.4444444444444444
3625 0.4444444444444444
3645 0.4444444444444444
3722 0.4444444444444444
3768 0.4444444444444444
3885 0.4444444444444444
4030 0.4444444444444444
4046 0.4444444444444444
4087 0.4444444444444444
4120 0.4444444444444444
4131 0.4444444444444444
4246 0.4444444444444444
4495 0.4444444444444444
4514 0.4444444444444444
4570 0.4444444444444444
4736 0.4444444444444444
4753 0.4444444444444444
4797 0.4444444444444444
4980 0.4444444444444444
4998 0.4444444444444444
5176 0.4444444444444444
5255 0.4444444444444444
5429 0.4444444444444444
5563 0.4444444444444444
5607 0.4444444444444444
5643 0.4444444444444444
5777 0.4444444444444444
5931 0.4444444444444444
6015 0.4444444444444444
6069 0.4444444444444444
6104 0.4444444444444444
6263 0.4444444444444444
6309 0.4444444444444444
6510 0.4444444444444444
6522 0.4444444444444444
6550 0.4444444444444444
6662 0.4444444444444444
6712 0.4444444444444444
6780 0.4444444444444444
6822 0.4444444444444444
6841 0.4444444444444444
6896 0.4444444444444444
6909 0.4444444444444444
7189 0.4444444444444444
7260 0.4444444444444444
7331 0.4444444444444444
7400 0.4444444444444444
7545 0.4444444444444444
7547 0.4444444444444444
7630 0.4444444444444444
7662 0.4444444444444444
7759 0.4444444444444444
7956 0.4444444444444444
7973 0.4444444444444444
8034 0.4444444444444444
8036 0.4444444444444444
8058 0.4444444444444444
8095 0.4444444444444444
8177 0.4444444444444444
8220 0.4444444444444444
8237 0.4444444444444444
8361 0.4444444444444444
8368 0.4444444444444444
8560 0.4444444444444444
8594 0.4444444444444444
8595 0.4444444444444444
8635 0.4444444444444444
8651 0.4444444444444444
8768 0.4444444444444444
8875 0.4444444444444444
9003 0.4444444444444444
9338 0.4444444444444444
9372 0.4444444444444444
9376 0.4444444444444444
9475 0.4444444444444444
9511 0.4444444444444444
9677 0.4444444444444444
9708 0.4444444444444444
9764 0.4444444444444444
9772 0.4444444444444444
9849 0.4444444444444444
18 0.42857142857142855
352 0.42857142857142855
386 0.42857142857142855
557 0.42857142857142855
599 0.42857142857142855
629 0.42857142857142855
645 0.42857142857142855
914 0.42857142857142855
1081 0.42857142857142855
1150 0.42857142857142855
1270 0.42857142857142855
1356 0.42857142857142855
1368 0.42857142857142855
1615 0.42857142857142855
1683 0.42857142857142855
1769 0.42857142857142855
1799 0.42857142857142855
1822 0.42857142857142855
1859 0.42857142857142855
1970 0.42857142857142855
1991 0.42857142857142855
2002 0.42857142857142855
2152 0.42857142857142855
2154 0.42857142857142855
2162 0.42857142857142855
2184 0.42857142857142855
2303 0.42857142857142855
2306 0.42857142857142855
2467 0.42857142857142855
2534 0.42857142857142855
2769 0.42857142857142855
2832 0.42857142857142855
2971 0.42857142857142855
2992 0.42857142857142855
3225 0.42857142857142855
3343 0.42857142857142855
3348 0.42857142857142855
3616 0.42857142857142855
3710 0.42857142857142855
3793 0.42857142857142855
4169 0.42857142857142855
4296 0.42857142857142855
4393 0.42857142857142855
4585 0.42857142857142855
4603 0.42857142857142855
4805 0.42857142857142855
4936 0.42857142857142855
5090 0.42857142857142855
5243 0.42857142857142855
5362 0.42857142857142855
5479 0.42857142857142855
5550 0.42857142857142855
5583 0.42857142857142855
5739 0.42857142857142855
5831 0.42857142857142855
5918 0.42857142857142855
5963 0.42857142857142855
5979 0.42857142857142855
6034 0.42857142857142855
6046 0.42857142857142855
6125 0.42857142857142855
6279 0.42857142857142855
6384 0.42857142857142855
6481 0.42857142857142855
6498 0.42857142857142855
6614 0.42857142857142855
6697 0.42857142857142855
6761 0.42857142857142855
6811 0.42857142857142855
6911 0.42857142857142855
7063 0.42857142857142855
7111 0.42857142857142855
7238 0.42857142857142855
7438 0.42857142857142855
7443 0.42857142857142855
7571 0.42857142857142855
7656 0.42857142857142855
7867 0.42857142857142855
7994 0.42857142857142855
8096 0.42857142857142855
8204 0.42857142857142855
8225 0.42857142857142855
8853 0.42857142857142855
8893 0.42857142857142855
8921 0.42857142857142855
8963 0.42857142857142855
9085 0.42857142857142855
9156 0.42857142857142855
9375 0.42857142857142855
9405 0.42857142857142855
9536 0.42857142857142855
9627 0.42857142857142855
9658 0.42857142857142855
9699 0.42857142857142855
9704 0.42857142857142855
9781 0.42857142857142855
9871 0.42857142857142855
9940 0.42857142857142855
163 0.4166666666666667
408 0.4166666666666667
5032 0.4166666666666667
5576 0.4166666666666667
6835 0.4166666666666667
7706 0.4166666666666667
9754 0.4166666666666667
74 0.4
93 0.4
117 0.4
168 0.4
530 0.4
576 0.4
684 0.4
724 0.4
763 0.4
766 0.4
817 0.4
857 0.4
956 0.4
1006 0.4
1068 0.4
1190 0.4
1234 0.4
1318 0.4
1472 0.4
1676 0.4
1688 0.4
2110 0.4
2117 0.4
2186 0.4
2287 0.4
2294 0.4
2329 0.4
2331 0.4
2520 0.4
2627 0.4
2743 0.4
2922 0.4
3014 0.4
3078 0.4
3091 0.4
3194 0.4
3206 0.4
3320 0.4
3412 0.4
3414 0.4
3433 0.4
3693 0.4
3700 0.4
3794 0.4
3831 0.4
3856 0.4
3860 0.4
3937 0.4
4035 0.4
4116 0.4
4143 0.4
4150 0.4
4187 0.4
4192 0.4
4422 0.4
4515 0.4
4903 0.4
4924 0.4
4956 0.4
4987 0.4
5041 0.4
5152 0.4
5241 0.4
5270 0.4
5306 0.4
5344 0.4
5367 0.4
5399 0.4
5441 0.4
5496 0.4
5674 0.4
5772 0.4
5788 0.4
5807 0.4
5897 0.4
5957 0.4
6053 0.4
6261 0.4
6374 0.4
6422 0.4
6491 0.4
6502 0.4
6509 0.4
6740 0.4
6782 0.4
6899 0.4
6921 0.4
7056 0.4
7144 0.4
7159 0.4
7199 0.4
7277 0.4
7362 0.4
7397 0.4
7576 0.4
7742 0.4
7785 0.4
7795 0.4
7828 0.4
7917 0.4
7931 0.4
7984 0.4
7986 0.4
8135 0.4
8315 0.4
8333 0.4
8339 0.4
8341 0.4
8367 0.4
8441 0.4
8571 0.4
8674 0.4
8843 0.4
8907 0.4
9351 0.4
9452 0.4
9468 0.4
9499 0.4
9533 0.4
9552 0.4
9624 0.4
9649 0.4
9711 0.4
9721 0.4
9847 0.4
9863 0.4
9869 0.4
2116 0.38461538461538464
2251 0.38461538461538464
4996 0.38461538461538464
5857 0.38461538461538464
6141 0.38461538461538464
6851 0.38461538461538464
7516 0.38461538461538464
8021 0.38461538461538464
8726 0.38461538461538464
9777 0.38461538461538464
9877 0.38461538461538464
69 0.375
105 0.375
109 0.375
119 0.375
121 0.375
130 0.375
140 0.375
154 0.375
198 0.375
234 0.375
490 0.375
578 0.375
583 0.375
618 0.375
837 0.375
865 0.375
944 0.375
1085 0.375
1123 0.375
1137 0.375
1181 0.375
1192 0.375
1207 0.375
1224 0.375
1292 0.375
1314 0.375
1421 0.375
1439 0.375
1535 0.375
1578 0.375
1596 0.375
1796 0.375
1800 0.375
1827 0.375
1927 0.375
1978 0.375
2067 0.375
2093 0.375
2106 0.375
2132 0.375
2163 0.375
2192 0.375
