2330 1.0
2772 1.0
2811 1.0
15 0.9
281 0.9
420 0.9
4168 0.8888888888888888
6292 0.8888888888888888
9079 0.8888888888888888
2217 0.875
2583 0.8571428571428571
4120 0.8571428571428571
4354 0.8571428571428571
5002 0.8571428571428571
5690 0.8571428571428571
6061 0.8571428571428571
9405 0.8571428571428571
389 0.8333333333333334
568 0.8333333333333334
2390 0.8333333333333334
3630 0.8333333333333334
4402 0.8333333333333334
4609 0.8333333333333334
4811 0.8333333333333334
5167 0.8333333333333334
5989 0.8333333333333334
6780 0.8333333333333334
7089 0.8333333333333334
8249 0.8333333333333334
9959 0.8333333333333334
343 0.8181818181818182
8661 0.8181818181818182
518 0.8
1825 0.8
2172 0.8
2853 0.8
3230 0.8
3303 0.8
3508 0.8
3774 0.8
3868 0.8
4343 0.8
5101 0.8
5210 0.8
5587 0.8
6860 0.8
7438 0.8
7888 0.8
7941 0.8
9476 0.8
9691 0.8
9855 0.8
896 0.7777777777777778
1017 0.7777777777777778
1075 0.7777777777777778
1939 0.7777777777777778
3288 0.7777777777777778
3457 0.7777777777777778
3874 0.7777777777777778
4318 0.7777777777777778
6454 0.7777777777777778
7298 0.7777777777777778
7844 0.7777777777777778
8380 0.7777777777777778
630 0.75
1905 0.75
2146 0.75
2250 0.75
2767 0.75
3494 0.75
4516 0.75
4926 0.75
5421 0.75
6121 0.75
7160 0.75
7688 0.75
8200 0.75
8617 0.75
9378 0.75
9659 0.75
9839 0.75
323 0.7272727272727273
2516 0.7272727272727273
4690 0.7272727272727273
6133 0.7272727272727273
6499 0.7272727272727273
7365 0.7272727272727273
7963 0.7272727272727273
8738 0.7272727272727273
1860 0.7142857142857143
2920 0.7142857142857143
3964 0.7142857142857143
4351 0.7142857142857143
4362 0.7142857142857143
5035 0.7142857142857143
5660 0.7142857142857143
7618 0.7142857142857143
8038 0.7142857142857143
8676 0.7142857142857143
9751 0.7142857142857143
280 0.7
8241 0.7
9022 0.7
9385 0.7
106 0.6666666666666666
198 0.6666666666666666
208 0.6666666666666666
254 0.6666666666666666
267 0.6666666666666666
396 0.6666666666666666
457 0.6666666666666666
486 0.6666666666666666
609 0.6666666666666666
878 0.6666666666666666
921 0.6666666666666666
963 0.6666666666666666
1105 0.6666666666666666
1113 0.6666666666666666
1518 0.6666666666666666
1610 0.6666666666666666
1615 0.6666666666666666
1802 0.6666666666666666
1806 0.6666666666666666
1882 0.6666666666666666
1918 0.6666666666666666
1942 0.6666666666666666
2463 0.6666666666666666
2505 0.6666666666666666
2562 0.6666666666666666
3017 0.6666666666666666
3121 0.6666666666666666
3254 0.6666666666666666
3383 0.6666666666666666
3587 0.6666666666666666
3622 0.6666666666666666
3663 0.6666666666666666
3733 0.6666666666666666
3861 0.6666666666666666
3904 0.6666666666666666
4031 0.6666666666666666
4578 0.6666666666666666
4711 0.6666666666666666
4856 0.6666666666666666
4864 0.6666666666666666
4892 0.6666666666666666
5013 0.6666666666666666
5262 0.6666666666666666
5303 0.6666666666666666
5308 0.6666666666666666
5348 0.6666666666666666
5367 0.6666666666666666
5426 0.6666666666666666
5549 0.6666666666666666
5566 0.6666666666666666
5752 0.6666666666666666
5753 0.6666666666666666
5757 0.6666666666666666
5871 0.6666666666666666
5949 0.6666666666666666
6025 0.6666666666666666
6029 0.6666666666666666
6253 0.6666666666666666
6282 0.6666666666666666
6702 0.6666666666666666
6979 0.6666666666666666
7045 0.6666666666666666
7133 0.6666666666666666
7241 0.6666666666666666
7313 0.6666666666666666
7417 0.6666666666666666
7543 0.6666666666666666
7704 0.6666666666666666
7802 0.6666666666666666
8016 0.6666666666666666
8322 0.6666666666666666
8449 0.6666666666666666
8455 0.6666666666666666
8561 0.6666666666666666
8672 0.6666666666666666
8702 0.6666666666666666
8871 0.6666666666666666
9125 0.6666666666666666
9269 0.6666666666666666
9297 0.6666666666666666
9319 0.6666666666666666
9340 0.6666666666666666
9451 0.6666666666666666
9642 0.6666666666666666
9927 0.6666666666666666
1740 0.6363636363636364
2499 0.6363636363636364
3627 0.6363636363636364
6988 0.6363636363636364
7412 0.6363636363636364
9766 0.6363636363636364
413 0.625
1383 0.625
1407 0.625
1626 0.625
2080 0.625
3045 0.625
5197 0.625
5417 0.625
6640 0.625
6664 0.625
6965 0.625
8441 0.625
8763 0.625
8861 0.625
9045 0.625
9441 0.625
9728 0.6153846153846154
320 0.6
356 0.6
446 0.6
820 0.6
1316 0.6
1842 0.6
2956 0.6
3912 0.6
4528 0.6
5005 0.6
5173 0.6
6225 0.6
6448 0.6
6710 0.6
8168 0.6
8843 0.6
9508 0.6
930 0.5833333333333334
994 0.5833333333333334
8930 0.5833333333333334
47 0.5714285714285714
98 0.5714285714285714
345 0.5714285714285714
647 0.5714285714285714
651 0.5714285714285714
677 0.5714285714285714
741 0.5714285714285714
804 0.5714285714285714
936 0.5714285714285714
1059 0.5714285714285714
1211 0.5714285714285714
1271 0.5714285714285714
1334 0.5714285714285714
1377 0.5714285714285714
1401 0.5714285714285714
1434 0.5714285714285714
1531 0.5714285714285714
1689 0.5714285714285714
1733 0.5714285714285714
1794 0.5714285714285714
1799 0.5714285714285714
1811 0.5714285714285714
1845 0.5714285714285714
1970 0.5714285714285714
2028 0.5714285714285714
2218 0.5714285714285714
2284 0.5714285714285714
2423 0.5714285714285714
2494 0.5714285714285714
2607 0.5714285714285714
2721 0.5714285714285714
2902 0.5714285714285714
2904 0.5714285714285714
3020 0.5714285714285714
3438 0.5714285714285714
3509 0.5714285714285714
3651 0.5714285714285714
3679 0.5714285714285714
3997 0.5714285714285714
4110 0.5714285714285714
4130 0.5714285714285714
4190 0.5714285714285714
4201 0.5714285714285714
4644 0.5714285714285714
4679 0.5714285714285714
4704 0.5714285714285714
4740 0.5714285714285714
4773 0.5714285714285714
5128 0.5714285714285714
5394 0.5714285714285714
5415 0.5714285714285714
5504 0.5714285714285714
5664 0.5714285714285714
5923 0.5714285714285714
6089 0.5714285714285714
6130 0.5714285714285714
6179 0.5714285714285714
6224 0.5714285714285714
6452 0.5714285714285714
6844 0.5714285714285714
7169 0.5714285714285714
7184 0.5714285714285714
7275 0.5714285714285714
7316 0.5714285714285714
7475 0.5714285714285714
7484 0.5714285714285714
7670 0.5714285714285714
7719 0.5714285714285714
7746 0.5714285714285714
7891 0.5714285714285714
8009 0.5714285714285714
8115 0.5714285714285714
8296 0.5714285714285714
8352 0.5714285714285714
8443 0.5714285714285714
8554 0.5714285714285714
8694 0.5714285714285714
8713 0.5714285714285714
8721 0.5714285714285714
8929 0.5714285714285714
8993 0.5714285714285714
9013 0.5714285714285714
9031 0.5714285714285714
9303 0.5714285714285714
9371 0.5714285714285714
9572 0.5714285714285714
9653 0.5714285714285714
9770 0.5714285714285714
9822 0.5714285714285714
9881 0.5714285714285714
547 0.5555555555555556
858 0.5555555555555556
1512 0.5555555555555556
1576 0.5555555555555556
1916 0.5555555555555556
2208 0.5555555555555556
2305 0.5555555555555556
3365 0.5555555555555556
3970 0.5555555555555556
4520 0.5555555555555556
4608 0.5555555555555556
5437 0.5555555555555556
5918 0.5555555555555556
7480 0.5555555555555556
7978 0.5555555555555556
8058 0.5555555555555556
8360 0.5555555555555556
8926 0.5555555555555556
79 0.5454545454545454
958 0.5454545454545454
1024 0.5454545454545454
1419 0.5454545454545454
2831 0.5454545454545454
3037 0.5454545454545454
5531 0.5454545454545454
5617 0.5454545454545454
6219 0.5454545454545454
6582 0.5454545454545454
6810 0.5454545454545454
8097 0.5454545454545454
8114 0.5454545454545454
9067 0.5454545454545454
9536 0.5454545454545454
9537 0.5454545454545454
9749 0.5454545454545454
1007 0.5384615384615384
103 0.5
104 0.5
119 0.5
139 0.5
325 0.5
472 0.5
543 0.5
607 0.5
621 0.5
793 0.5
815 0.5
909 0.5
916 0.5
950 0.5
955 0.5
1002 0.5
1044 0.5
1086 0.5
1159 0.5
1172 0.5
1270 0.5
1340 0.5
1433 0.5
1501 0.5
1507 0.5
1561 0.5
1619 0.5
1674 0.5
1778 0.5
1796 0.5
1870 0.5
1895 0.5
1936 0.5
1980 0.5
2045 0.5
2054 0.5
2179 0.5
2300 0.5
2339 0.5
2483 0.5
2581 0.5
2653 0.5
2666 0.5
2705 0.5
2712 0.5
2748 0.5
2981 0.5
3001 0.5
3100 0.5
3113 0.5
3119 0.5
3120 0.5
3221 0.5
3246 0.5
3482 0.5
3510 0.5
3523 0.5
3554 0.5
3595 0.5
3642 0.5
3654 0.5
3668 0.5
3699 0.5
3703 0.5
3744 0.5
3762 0.5
3802 0.5
3826 0.5
3877 0.5
4035 0.5
4050 0.5
4171 0.5
4315 0.5
4382 0.5
4549 0.5
4658 0.5
4673 0.5
4676 0.5
4910 0.5
4933 0.5
4950 0.5
4963 0.5
5007 0.5
5040 0.5
5044 0.5
5106 0.5
5117 0.5
5137 0.5
5261 0.5
5343 0.5
5352 0.5
5376 0.5
5403 0.5
5473 0.5
5478 0.5
5602 0.5
5621 0.5
5631 0.5
5648 0.5
5655 0.5
5819 0.5
5848 0.5
5853 0.5
5934 0.5
5940 0.5
5950 0.5
6170 0.5
6206 0.5
6245 0.5
6290 0.5
6313 0.5
6341 0.5
6400 0.5
6420 0.5
6450 0.5
6482 0.5
6513 0.5
6519 0.5
6534 0.5
6576 0.5
6596 0.5
6647 0.5
6690 0.5
6693 0.5
6700 0.5
6890 0.5
6895 0.5
6900 0.5
6903 0.5
7125 0.5
7145 0.5
7215 0.5
7238 0.5
7254 0.5
7270 0.5
7284 0.5
7312 0.5
7324 0.5
7325 0.5
7334 0.5
7376 0.5
7397 0.5
7500 0.5
7528 0.5
7613 0.5
7655 0.5
7760 0.5
7873 0.5
7880 0.5
7894 0.5
7961 0.5
7994 0.5
8066 0.5
8099 0.5
8129 0.5
8155 0.5
8169 0.5
8242 0.5
8292 0.5
8310 0.5
8316 0.5
8606 0.5
8630 0.5
8649 0.5
8681 0.5
8687 0.5
8715 0.5
8766 0.5
8772 0.5
8792 0.5
8906 0.5
8954 0.5
9062 0.5
9063 0.5
9169 0.5
9229 0.5
9268 0.5
9292 0.5
9458 0.5
9464 0.5
9478 0.5
9503 0.5
9648 0.5
9690 0.5
9711 0.5
9755 0.5
9780 0.5
9856 0.5
9897 0.5
9956 0.5
9964 0.5
4660 0.46153846153846156
7053 0.46153846153846156
97 0.45454545454545453
602 0.45454545454545453
897 0.45454545454545453
1583 0.45454545454545453
1885 0.45454545454545453
3297 0.45454545454545453
5440 0.45454545454545453
6090 0.45454545454545453
6861 0.45454545454545453
8018 0.45454545454545453
8061 0.45454545454545453
156 0.4444444444444444
169 0.4444444444444444
279 0.4444444444444444
306 0.4444444444444444
402 0.4444444444444444
578 0.4444444444444444
693 0.4444444444444444
886 0.4444444444444444
989 0.4444444444444444
1067 0.4444444444444444
1131 0.4444444444444444
1221 0.4444444444444444
1251 0.4444444444444444
1389 0.4444444444444444
1430 0.4444444444444444
1475 0.4444444444444444
1484 0.4444444444444444
1523 0.4444444444444444
1553 0.4444444444444444
1686 0.4444444444444444
1823 0.4444444444444444
2051 0.4444444444444444
2073 0.4444444444444444
2290 0.4444444444444444
2306 0.4444444444444444
2342 0.4444444444444444
2358 0.4444444444444444
2388 0.4444444444444444
2557 0.4444444444444444
2898 0.4444444444444444
2972 0.4444444444444444
3118 0.4444444444444444
3141 0.4444444444444444
3349 0.4444444444444444
3366 0.4444444444444444
3377 0.4444444444444444
3433 0.4444444444444444
3491 0.4444444444444444
3511 0.4444444444444444
3513 0.4444444444444444
3582 0.4444444444444444
3603 0.4444444444444444
3950 0.4444444444444444
4029 0.4444444444444444
4135 0.4444444444444444
4149 0.4444444444444444
4151 0.4444444444444444
4231 0.4444444444444444
4252 0.4444444444444444
4307 0.4444444444444444
4398 0.4444444444444444
4418 0.4444444444444444
4423 0.4444444444444444
4448 0.4444444444444444
4695 0.4444444444444444
4776 0.4444444444444444
4796 0.4444444444444444
4829 0.4444444444444444
4836 0.4444444444444444
4852 0.4444444444444444
5096 0.4444444444444444
5155 0.4444444444444444
5166 0.4444444444444444
5219 0.4444444444444444
5223 0.4444444444444444
5304 0.4444444444444444
5366 0.4444444444444444
5520 0.4444444444444444
5538 0.4444444444444444
5543 0.4444444444444444
5578 0.4444444444444444
5731 0.4444444444444444
5771 0.4444444444444444
5840 0.4444444444444444
5957 0.4444444444444444
5980 0.4444444444444444
6024 0.4444444444444444
6163 0.4444444444444444
6167 0.4444444444444444
6202 0.4444444444444444
6230 0.4444444444444444
6310 0.4444444444444444
6339 0.4444444444444444
6390 0.4444444444444444
6413 0.4444444444444444
6424 0.4444444444444444
6610 0.4444444444444444
6659 0.4444444444444444
6766 0.4444444444444444
6805 0.4444444444444444
6838 0.4444444444444444
6858 0.4444444444444444
6867 0.4444444444444444
6936 0.4444444444444444
6962 0.4444444444444444
7046 0.4444444444444444
7135 0.4444444444444444
7244 0.4444444444444444
7256 0.4444444444444444
7283 0.4444444444444444
7389 0.4444444444444444
7402 0.4444444444444444
7464 0.4444444444444444
7473 0.4444444444444444
7553 0.4444444444444444
7681 0.4444444444444444
7759 0.4444444444444444
7798 0.4444444444444444
7804 0.4444444444444444
7987 0.4444444444444444
8073 0.4444444444444444
8087 0.4444444444444444
8090 0.4444444444444444
8191 0.4444444444444444
8231 0.4444444444444444
8285 0.4444444444444444
8294 0.4444444444444444
8295 0.4444444444444444
8324 0.4444444444444444
8411 0.4444444444444444
8458 0.4444444444444444
8647 0.4444444444444444
8781 0.4444444444444444
8851 0.4444444444444444
8868 0.4444444444444444
8893 0.4444444444444444
8936 0.4444444444444444
9010 0.4444444444444444
9018 0.4444444444444444
9254 0.4444444444444444
9310 0.4444444444444444
9356 0.4444444444444444
9432 0.4444444444444444
9533 0.4444444444444444
9619 0.4444444444444444
9683 0.4444444444444444
9811 0.4444444444444444
9972 0.4444444444444444
9983 0.4444444444444444
83 0.42857142857142855
190 0.42857142857142855
362 0.42857142857142855
501 0.42857142857142855
606 0.42857142857142855
712 0.42857142857142855
738 0.42857142857142855
894 0.42857142857142855
903 0.42857142857142855
938 0.42857142857142855
1286 0.42857142857142855
1394 0.42857142857142855
1454 0.42857142857142855
1527 0.42857142857142855
1676 0.42857142857142855
1727 0.42857142857142855
1951 0.42857142857142855
2379 0.42857142857142855
2417 0.42857142857142855
2523 0.42857142857142855
2602 0.42857142857142855
2623 0.42857142857142855
2739 0.42857142857142855
2755 0.42857142857142855
2843 0.42857142857142855
2942 0.42857142857142855
3095 0.42857142857142855
3129 0.42857142857142855
3334 0.42857142857142855
3405 0.42857142857142855
3600 0.42857142857142855
3888 0.42857142857142855
4133 0.42857142857142855
4459 0.42857142857142855
4546 0.42857142857142855
4558 0.42857142857142855
4736 0.42857142857142855
4755 0.42857142857142855
4791 0.42857142857142855
4890 0.42857142857142855
5131 0.42857142857142855
5192 0.42857142857142855
5312 0.42857142857142855
5439 0.42857142857142855
5519 0.42857142857142855
5601 0.42857142857142855
5727 0.42857142857142855
5728 0.42857142857142855
5837 0.42857142857142855
5874 0.42857142857142855
5963 0.42857142857142855
6068 0.42857142857142855
6193 0.42857142857142855
6217 0.42857142857142855
6344 0.42857142857142855
6430 0.42857142857142855
6471 0.42857142857142855
6696 0.42857142857142855
6852 0.42857142857142855
7022 0.42857142857142855
7095 0.42857142857142855
7235 0.42857142857142855
7432 0.42857142857142855
7515 0.42857142857142855
7529 0.42857142857142855
7572 0.42857142857142855
7707 0.42857142857142855
7712 0.42857142857142855
7748 0.42857142857142855
7906 0.42857142857142855
7914 0.42857142857142855
7918 0.42857142857142855
8436 0.42857142857142855
8643 0.42857142857142855
8689 0.42857142857142855
9057 0.42857142857142855
9113 0.42857142857142855
9210 0.42857142857142855
9253 0.42857142857142855
9393 0.42857142857142855
9638 0.42857142857142855
9656 0.42857142857142855
9701 0.42857142857142855
9708 0.42857142857142855
9817 0.42857142857142855
9898 0.42857142857142855
456 0.4166666666666667
1185 0.4166666666666667
1941 0.4166666666666667
2324 0.4166666666666667
3371 0.4166666666666667
5919 0.4166666666666667
6971 0.4166666666666667
8060 0.4166666666666667
9023 0.4166666666666667
9166 0.4166666666666667
9654 0.4166666666666667
27 0.4
63 0.4
232 0.4
300 0.4
393 0.4
404 0.4
439 0.4
440 0.4
676 0.4
747 0.4
1004 0.4
1048 0.4
1061 0.4
1087 0.4
1345 0.4
1357 0.4
1364 0.4
1423 0.4
1549 0.4
1551 0.4
1708 0.4
1790 0.4
1800 0.4
1880 0.4
2010 0.4
2015 0.4
2030 0.4
2034 0.4
2039 0.4
2060 0.4
2319 0.4
2453 0.4
2503 0.4
2626 0.4
2638 0.4
2678 0.4
2738 0.4
2776 0.4
2778 0.4
2835 0.4
2886 0.4
2960 0.4
2974 0.4
3029 0.4
3092 0.4
3193 0.4
3212 0.4
3253 0.4
3489 0.4
3547 0.4
3659 0.4
3674 0.4
3732 0.4
3764 0.4
3790 0.4
3811 0.4
3848 0.4
3860 0.4
3954 0.4
4047 0.4
4081 0.4
4087 0.4
4095 0.4
4107 0.4
4163 0.4
4185 0.4
4263 0.4
4328 0.4
4367 0.4
4369 0.4
4375 0.4
4401 0.4
4432 0.4
4456 0.4
4475 0.4
4476 0.4
4554 0.4
4616 0.4
4684 0.4
4756 0.4
4781 0.4
4813 0.4
4870 0.4
4952 0.4
5212 0.4
5240 0.4
5280 0.4
5359 0.4
5581 0.4
5632 0.4
5700 0.4
5748 0.4
5859 0.4
5895 0.4
6005 0.4
6176 0.4
6332 0.4
6335 0.4
6453 0.4
6521 0.4
6751 0.4
6865 0.4
6925 0.4
6931 0.4
7024 0.4
7039 0.4
7082 0.4
7296 0.4
7358 0.4
7372 0.4
7374 0.4
7383 0.4
7431 0.4
7589 0.4
7710 0.4
7738 0.4
7780 0.4
7803 0.4
8201 0.4
8331 0.4
8398 0.4
8466 0.4
8599 0.4
8616 0.4
8636 0.4
8807 0.4
8898 0.4
8940 0.4
9027 0.4
9028 0.4
9100 0.4
9108 0.4
9139 0.4
9154 0.4
9488 0.4
9565 0.4
9577 0.4
9597 0.4
9744 0.4
9823 0.4
9841 0.4
9980 0.4
165 0.38461538461538464
1021 0.38461538461538464
1202 0.38461538461538464
1207 0.38461538461538464
2744 0.38461538461538464
3739 0.38461538461538464
6056 0.38461538461538464
7448 0.38461538461538464
7493 0.38461538461538464
8064 0.38461538461538464
9467 0.38461538461538464
4 0.375
19 0.375
45 0.375
75 0.375
94 0.375
96 0.375
153 0.375
192 0.375
199 0.375
421 0.375
517 0.375
524 0.375
526 0.375
579 0.375
604 0.375
645 0.375
737 0.375
765 0.375
784 0.375
827 0.375
828 0.375
889 0.375
1041 0.375
1063 0.375
1138 0.375
1148 0.375
1176 0.375
1181 0.375
1279 0.375
1425 0.375
1465 0.375
1479 0.375
1630 0.375
1651 0.375
1690 0.375
1698 0.375
1756 0.375
1881 0.375
1900 0.375
2040 0.375
2043 0.375
2052 0.375
2169 0.375
2270 0.375
2293 0.375
2298 0.375
2302 0.375
2402 0.375
2440 0.375
