908 1.0
5717 1.0
6262 1.0
8177 1.0
9037 1.0
2555 0.9090909090909091
5295 0.9090909090909091
1226 0.9
151 0.8888888888888888
3951 0.875
4577 0.875
4952 0.875
5995 0.875
8019 0.875
8578 0.875
8696 0.875
9192 0.875
6097 0.8571428571428571
8316 0.8571428571428571
434 0.8333333333333334
3079 0.8333333333333334
5425 0.8333333333333334
6345 0.8333333333333334
6737 0.8333333333333334
6855 0.8333333333333334
7056 0.8333333333333334
7539 0.8333333333333334
8423 0.8333333333333334
1168 0.8181818181818182
4258 0.8181818181818182
6178 0.8181818181818182
6434 0.8181818181818182
54 0.8
182 0.8
726 0.8
1607 0.8
2005 0.8
2395 0.8
3400 0.8
3554 0.8
5264 0.8
7153 0.8
7184 0.8
7328 0.8
7646 0.8
8424 0.8
652 0.7777777777777778
1057 0.7777777777777778
2819 0.7777777777777778
4082 0.7777777777777778
4145 0.7777777777777778
4327 0.7777777777777778
4816 0.7777777777777778
9266 0.7777777777777778
9778 0.7777777777777778
9924 0.7777777777777778
214 0.75
447 0.75
863 0.75
1297 0.75
1893 0.75
2142 0.75
2329 0.75
3223 0.75
4048 0.75
4773 0.75
4801 0.75
5074 0.75
5299 0.75
5779 0.75
6099 0.75
6670 0.75
8580 0.75
8671 0.75
8730 0.75
9190 0.75
1608 0.7272727272727273
3938 0.7272727272727273
6033 0.7272727272727273
7801 0.7272727272727273
8832 0.7272727272727273
2459 0.7142857142857143
3048 0.7142857142857143
5108 0.7142857142857143
6242 0.7142857142857143
6629 0.7142857142857143
1370 0.7
4174 0.7
4820 0.7
6020 0.7
7039 0.7
7115 0.7
7424 0.7
7485 0.7
8337 0.7
9078 0.7
9793 0.7
9939 0.7
339 0.6666666666666666
525 0.6666666666666666
548 0.6666666666666666
657 0.6666666666666666
792 0.6666666666666666
850 0.6666666666666666
1203 0.6666666666666666
1358 0.6666666666666666
1388 0.6666666666666666
1556 0.6666666666666666
1628 0.6666666666666666
1833 0.6666666666666666
1958 0.6666666666666666
2170 0.6666666666666666
2542 0.6666666666666666
2574 0.6666666666666666
2733 0.6666666666666666
2836 0.6666666666666666
3045 0.6666666666666666
3087 0.6666666666666666
3194 0.6666666666666666
3229 0.6666666666666666
3936 0.6666666666666666
3974 0.6666666666666666
4104 0.6666666666666666
4196 0.6666666666666666
4245 0.6666666666666666
4417 0.6666666666666666
4631 0.6666666666666666
4736 0.6666666666666666
4924 0.6666666666666666
5368 0.6666666666666666
5520 0.6666666666666666
5711 0.6666666666666666
6112 0.6666666666666666
6381 0.6666666666666666
6725 0.6666666666666666
6777 0.6666666666666666
6788 0.6666666666666666
6815 0.6666666666666666
6877 0.6666666666666666
6970 0.6666666666666666
6994 0.6666666666666666
7013 0.6666666666666666
7071 0.6666666666666666
7207 0.6666666666666666
7225 0.6666666666666666
7571 0.6666666666666666
7692 0.6666666666666666
7710 0.6666666666666666
8315 0.6666666666666666
8345 0.6666666666666666
8542 0.6666666666666666
8544 0.6666666666666666
8706 0.6666666666666666
8907 0.6666666666666666
8909 0.6666666666666666
9298 0.6666666666666666
9323 0.6666666666666666
9367 0.6666666666666666
9395 0.6666666666666666
9450 0.6666666666666666
9584 0.6666666666666666
9872 0.6666666666666666
487 0.6363636363636364
2480 0.6363636363636364
3642 0.6363636363636364
5197 0.6363636363636364
6333 0.6363636363636364
6883 0.6363636363636364
8723 0.6363636363636364
8942 0.6363636363636364
645 0.625
2746 0.625
3183 0.625
4453 0.625
5533 0.625
6014 0.625
6845 0.625
7009 0.625
7633 0.625
8563 0.625
2338 0.6153846153846154
26 0.6
100 0.6
162 0.6
192 0.6
318 0.6
335 0.6
871 0.6
911 0.6
1028 0.6
1292 0.6
1595 0.6
2716 0.6
3009 0.6
3339 0.6
3493 0.6
3839 0.6
3882 0.6
4864 0.6
5785 0.6
6034 0.6
6361 0.6
6517 0.6
7553 0.6
8208 0.6
8214 0.6
8217 0.6
8281 0.6
9575 0.6
346 0.5714285714285714
372 0.5714285714285714
471 0.5714285714285714
723 0.5714285714285714
901 0.5714285714285714
954 0.5714285714285714
972 0.5714285714285714
1120 0.5714285714285714
1163 0.5714285714285714
1204 0.5714285714285714
1205 0.5714285714285714
1211 0.5714285714285714
1225 0.5714285714285714
1271 0.5714285714285714
1353 0.5714285714285714
1429 0.5714285714285714
2289 0.5714285714285714
2474 0.5714285714285714
2722 0.5714285714285714
2908 0.5714285714285714
3177 0.5714285714285714
3276 0.5714285714285714
3363 0.5714285714285714
3794 0.5714285714285714
4015 0.5714285714285714
4135 0.5714285714285714
4172 0.5714285714285714
4303 0.5714285714285714
4377 0.5714285714285714
4481 0.5714285714285714
4585 0.5714285714285714
4642 0.5714285714285714
4982 0.5714285714285714
5021 0.5714285714285714
5030 0.5714285714285714
5036 0.5714285714285714
5043 0.5714285714285714
5304 0.5714285714285714
5506 0.5714285714285714
5510 0.5714285714285714
5604 0.5714285714285714
5682 0.5714285714285714
5729 0.5714285714285714
6123 0.5714285714285714
6155 0.5714285714285714
6212 0.5714285714285714
6553 0.5714285714285714
6654 0.5714285714285714
6890 0.5714285714285714
7167 0.5714285714285714
7170 0.5714285714285714
7444 0.5714285714285714
7492 0.5714285714285714
7495 0.5714285714285714
7632 0.5714285714285714
7639 0.5714285714285714
7904 0.5714285714285714
8269 0.5714285714285714
8556 0.5714285714285714
8648 0.5714285714285714
8888 0.5714285714285714
8972 0.5714285714285714
9103 0.5714285714285714
9223 0.5714285714285714
9741 0.5714285714285714
9759 0.5714285714285714
2868 0.5555555555555556
3673 0.5555555555555556
3925 0.5555555555555556
4516 0.5555555555555556
5135 0.5555555555555556
5528 0.5555555555555556
5783 0.5555555555555556
7989 0.5555555555555556
8575 0.5555555555555556
9431 0.5555555555555556
9473 0.5555555555555556
9670 0.5555555555555556
693 0.5454545454545454
2244 0.5454545454545454
8667 0.5454545454545454
8727 0.5454545454545454
9499 0.5454545454545454
4818 0.5384615384615384
8213 0.5384615384615384
14 0.5
29 0.5
60 0.5
89 0.5
174 0.5
191 0.5
195 0.5
207 0.5
266 0.5
277 0.5
344 0.5
350 0.5
396 0.5
437 0.5
646 0.5
653 0.5
753 0.5
768 0.5
1005 0.5
1017 0.5
1199 0.5
1251 0.5
1401 0.5
1506 0.5
1533 0.5
1580 0.5
1600 0.5
1601 0.5
1667 0.5
1725 0.5
1746 0.5
1781 0.5
1904 0.5
1905 0.5
1919 0.5
1924 0.5
1993 0.5
2028 0.5
2056 0.5
2057 0.5
2193 0.5
2225 0.5
2276 0.5
2353 0.5
2354 0.5
2367 0.5
2472 0.5
2488 0.5
2504 0.5
2658 0.5
2726 0.5
2771 0.5
2779 0.5
2897 0.5
2945 0.5
2971 0.5
2980 0.5
3092 0.5
3168 0.5
3349 0.5
3424 0.5
3437 0.5
3543 0.5
3569 0.5
3599 0.5
3680 0.5
3790 0.5
3828 0.5
3914 0.5
3921 0.5
3983 0.5
4162 0.5
4223 0.5
4479 0.5
4576 0.5
4603 0.5
4626 0.5
4651 0.5
4661 0.5
4669 0.5
4745 0.5
4784 0.5
4793 0.5
4840 0.5
4858 0.5
4863 0.5
5002 0.5
5057 0.5
5151 0.5
5283 0.5
5344 0.5
5634 0.5
5699 0.5
5706 0.5
5730 0.5
5766 0.5
5824 0.5
5829 0.5
6061 0.5
6233 0.5
6266 0.5
6280 0.5
6349 0.5
6399 0.5
6457 0.5
6475 0.5
6503 0.5
6518 0.5
6578 0.5
6581 0.5
6668 0.5
6723 0.5
6736 0.5
6887 0.5
6908 0.5
6928 0.5
7285 0.5
7321 0.5
7372 0.5
7570 0.5
7606 0.5
7628 0.5
7693 0.5
7774 0.5
7780 0.5
7868 0.5
7881 0.5
7958 0.5
8089 0.5
8116 0.5
8118 0.5
8257 0.5
8324 0.5
8353 0.5
8386 0.5
8443 0.5
8464 0.5
8537 0.5
8615 0.5
8678 0.5
8802 0.5
8821 0.5
8825 0.5
8856 0.5
9007 0.5
9053 0.5
9054 0.5
9090 0.5
9231 0.5
9396 0.5
9452 0.5
9567 0.5
9658 0.5
9694 0.5
9727 0.5
9767 0.5
9781 0.5
9783 0.5
9799 0.5
9836 0.5
9996 0.5
4547 0.46153846153846156
6521 0.46153846153846156
17 0.45454545454545453
654 0.45454545454545453
922 0.45454545454545453
1435 0.45454545454545453
3132 0.45454545454545453
3294 0.45454545454545453
4949 0.45454545454545453
5408 0.45454545454545453
5877 0.45454545454545453
6367 0.45454545454545453
7383 0.45454545454545453
7903 0.45454545454545453
9228 0.45454545454545453
9693 0.45454545454545453
9723 0.45454545454545453
13 0.4444444444444444
71 0.4444444444444444
118 0.4444444444444444
217 0.4444444444444444
260 0.4444444444444444
261 0.4444444444444444
322 0.4444444444444444
459 0.4444444444444444
899 0.4444444444444444
999 0.4444444444444444
1146 0.4444444444444444
1156 0.4444444444444444
1239 0.4444444444444444
1274 0.4444444444444444
1303 0.4444444444444444
1385 0.4444444444444444
1501 0.4444444444444444
1702 0.4444444444444444
1814 0.4444444444444444
1830 0.4444444444444444
1834 0.4444444444444444
1865 0.4444444444444444
2002 0.4444444444444444
2112 0.4444444444444444
2250 0.4444444444444444
2257 0.4444444444444444
2409 0.4444444444444444
2419 0.4444444444444444
2535 0.4444444444444444
2604 0.4444444444444444
2640 0.4444444444444444
2732 0.4444444444444444
2944 0.4444444444444444
3068 0.4444444444444444
3088 0.4444444444444444
3162 0.4444444444444444
3182 0.4444444444444444
3190 0.4444444444444444
3259 0.4444444444444444
3487 0.4444444444444444
3559 0.4444444444444444
3747 0.4444444444444444
3858 0.4444444444444444
4049 0.4444444444444444
4400 0.4444444444444444
4445 0.4444444444444444
4456 0.4444444444444444
4504 0.4444444444444444
4531 0.4444444444444444
4618 0.4444444444444444
5068 0.4444444444444444
5119 0.4444444444444444
5120 0.4444444444444444
5201 0.4444444444444444
5265 0.4444444444444444
5326 0.4444444444444444
5544 0.4444444444444444
5561 0.4444444444444444
5857 0.4444444444444444
6038 0.4444444444444444
6042 0.4444444444444444
6332 0.4444444444444444
6635 0.4444444444444444
6636 0.4444444444444444
6728 0.4444444444444444
6834 0.4444444444444444
6841 0.4444444444444444
6851 0.4444444444444444
6867 0.4444444444444444
6879 0.4444444444444444
6942 0.4444444444444444
6948 0.4444444444444444
7034 0.4444444444444444
7070 0.4444444444444444
7193 0.4444444444444444
7233 0.4444444444444444
7245 0.4444444444444444
7354 0.4444444444444444
7375 0.4444444444444444
7483 0.4444444444444444
7488 0.4444444444444444
7538 0.4444444444444444
7668 0.4444444444444444
7719 0.4444444444444444
7922 0.4444444444444444
7927 0.4444444444444444
8088 0.4444444444444444
8146 0.4444444444444444
8237 0.4444444444444444
8260 0.4444444444444444
8358 0.4444444444444444
8383 0.4444444444444444
8436 0.4444444444444444
8455 0.4444444444444444
8475 0.4444444444444444
8606 0.4444444444444444
8629 0.4444444444444444
8914 0.4444444444444444
8939 0.4444444444444444
9077 0.4444444444444444
9109 0.4444444444444444
9152 0.4444444444444444
9272 0.4444444444444444
9284 0.4444444444444444
9316 0.4444444444444444
9550 0.4444444444444444
9566 0.4444444444444444
9618 0.4444444444444444
9619 0.4444444444444444
9707 0.4444444444444444
9827 0.4444444444444444
23 0.42857142857142855
87 0.42857142857142855
159 0.42857142857142855
762 0.42857142857142855
784 0.42857142857142855
816 0.42857142857142855
894 0.42857142857142855
1026 0.42857142857142855
1256 0.42857142857142855
1284 0.42857142857142855
1329 0.42857142857142855
1490 0.42857142857142855
1521 0.42857142857142855
1591 0.42857142857142855
1642 0.42857142857142855
1673 0.42857142857142855
1750 0.42857142857142855
1804 0.42857142857142855
1824 0.42857142857142855
1964 0.42857142857142855
1983 0.42857142857142855
2021 0.42857142857142855
2146 0.42857142857142855
2238 0.42857142857142855
2360 0.42857142857142855
2380 0.42857142857142855
2491 0.42857142857142855
2710 0.42857142857142855
2744 0.42857142857142855
2862 0.42857142857142855
2884 0.42857142857142855
2902 0.42857142857142855
2972 0.42857142857142855
3046 0.42857142857142855
3246 0.42857142857142855
3319 0.42857142857142855
3369 0.42857142857142855
3383 0.42857142857142855
3445 0.42857142857142855
3491 0.42857142857142855
3601 0.42857142857142855
3744 0.42857142857142855
3764 0.42857142857142855
3946 0.42857142857142855
3955 0.42857142857142855
4007 0.42857142857142855
4108 0.42857142857142855
4178 0.42857142857142855
4209 0.42857142857142855
4287 0.42857142857142855
4294 0.42857142857142855
4324 0.42857142857142855
4347 0.42857142857142855
4385 0.42857142857142855
4432 0.42857142857142855
4468 0.42857142857142855
4668 0.42857142857142855
4746 0.42857142857142855
5039 0.42857142857142855
5076 0.42857142857142855
5129 0.42857142857142855
5149 0.42857142857142855
5324 0.42857142857142855
5332 0.42857142857142855
5356 0.42857142857142855
5409 0.42857142857142855
5521 0.42857142857142855
5606 0.42857142857142855
5610 0.42857142857142855
5618 0.42857142857142855
5625 0.42857142857142855
5821 0.42857142857142855
5879 0.42857142857142855
6041 0.42857142857142855
6105 0.42857142857142855
6211 0.42857142857142855
6269 0.42857142857142855
6309 0.42857142857142855
6346 0.42857142857142855
6506 0.42857142857142855
6799 0.42857142857142855
6924 0.42857142857142855
7130 0.42857142857142855
7143 0.42857142857142855
7151 0.42857142857142855
7235 0.42857142857142855
7641 0.42857142857142855
7745 0.42857142857142855
7777 0.42857142857142855
7779 0.42857142857142855
7843 0.42857142857142855
7869 0.42857142857142855
7984 0.42857142857142855
8308 0.42857142857142855
8325 0.42857142857142855
8609 0.42857142857142855
8621 0.42857142857142855
8722 0.42857142857142855
8767 0.42857142857142855
8791 0.42857142857142855
8874 0.42857142857142855
8902 0.42857142857142855
9023 0.42857142857142855
9209 0.42857142857142855
9295 0.42857142857142855
9301 0.42857142857142855
9329 0.42857142857142855
9410 0.42857142857142855
9503 0.42857142857142855
9519 0.42857142857142855
9527 0.42857142857142855
9706 0.42857142857142855
9756 0.42857142857142855
9949 0.42857142857142855
603 0.4166666666666667
722 0.4166666666666667
979 0.4166666666666667
2052 0.4166666666666667
2088 0.4166666666666667
2374 0.4166666666666667
3309 0.4166666666666667
3505 0.4166666666666667
4149 0.4166666666666667
4222 0.4166666666666667
4373 0.4166666666666667
5464 0.4166666666666667
6614 0.4166666666666667
8357 0.4166666666666667
98 0.4
126 0.4
240 0.4
361 0.4
363 0.4
462 0.4
533 0.4
641 0.4
1051 0.4
1249 0.4
1289 0.4
1332 0.4
1371 0.4
1389 0.4
1462 0.4
1513 0.4
1532 0.4
1594 0.4
1743 0.4
1805 0.4
2091 0.4
2125 0.4
2153 0.4
2158 0.4
2297 0.4
2326 0.4
2383 0.4
2412 0.4
2414 0.4
2432 0.4
2468 0.4
2534 0.4
2543 0.4
2615 0.4
2811 0.4
3078 0.4
3081 0.4
3196 0.4
3270 0.4
3279 0.4
3297 0.4
3338 0.4
3368 0.4
3486 0.4
3584 0.4
3691 0.4
3852 0.4
3909 0.4
3913 0.4
4136 0.4
4168 0.4
4310 0.4
4405 0.4
4449 0.4
4462 0.4
4587 0.4
4682 0.4
4822 0.4
4950 0.4
5051 0.4
5063 0.4
5162 0.4
5172 0.4
5320 0.4
5545 0.4
5549 0.4
5552 0.4
5624 0.4
5751 0.4
5823 0.4
6092 0.4
6170 0.4
6283 0.4
6359 0.4
6438 0.4
6451 0.4
6464 0.4
6599 0.4
6664 0.4
6730 0.4
6754 0.4
6961 0.4
7046 0.4
7133 0.4
7213 0.4
7296 0.4
7334 0.4
7353 0.4
7498 0.4
7602 0.4
7654 0.4
7792 0.4
8005 0.4
8050 0.4
8077 0.4
8147 0.4
8176 0.4
8299 0.4
8445 0.4
8449 0.4
8482 0.4
8491 0.4
8586 0.4
8697 0.4
8741 0.4
8772 0.4
8776 0.4
8876 0.4
8926 0.4
8993 0.4
9019 0.4
9061 0.4
9153 0.4
9180 0.4
9235 0.4
9275 0.4
9351 0.4
9502 0.4
9908 0.4
9944 0.4
1004 0.38461538461538464
1252 0.38461538461538464
1357 0.38461538461538464
2278 0.38461538461538464
2349 0.38461538461538464
2408 0.38461538461538464
2507 0.38461538461538464
3154 0.38461538461538464
3468 0.38461538461538464
8441 0.38461538461538464
22 0.375
70 0.375
106 0.375
175 0.375
234 0.375
236 0.375
267 0.375
332 0.375
347 0.375
464 0.375
502 0.375
509 0.375
520 0.375
558 0.375
570 0.375
622 0.375
633 0.375
671 0.375
674 0.375
678 0.375
694 0.375
778 0.375
844 0.375
881 0.375
900 0.375
903 0.375
917 0.375
957 0.375
993 0.375
1155 0.375
1229 0.375
1421 0.375
1439 0.375
1440 0.375
1465 0.375
1466 0.375
1475 0.375
1571 0.375
1663 0.375
1664 0.375
1704 0.375
1710 0.375
1752 0.375
1796 0.375
1885 0.375
1914 0.375
1994 0.375
1998 0.375
2045 0.375
2055 0.375
2059 0.375
2062 0.375
2105 0.375
2109 0.375
2144 0.375
2160 0.375
2167 0.375
2172 0.375
2175 0.375
2207 0.375
2252 0.375
2253 0.375
2275 0.375
2288 0.375
2333 0.375
2422 0.375
2435 0.375
2452 0.375
2500 0.375
2519 0.375
2520 0.375
2544 0.375
2561 0.375
2757 0.375
2798 0.375
3018 0.375
3159 0.375
3166 0.375
3201 0.375
3413 0.375
3473 0.375
3478 0.375
3482 0.375
3555 0.375
3619 0.375
3650 0.375
3652 0.375
3811 0.375
3880 0.375
3993 0.375
4062 0.375
4070 0.375
4094 0.375
4097 0.375
4169 0.375
4180 0.375
4211 0.375
4252 0.375
4291 0.375
4339 0.375
4394 0.375
4463 0.375
4525 0.375
4562 0.375
4689 0.375
4738 0.375
4790 0.375
5031 0.375
5112 0.375
5114 0.375
5121 0.375
5122 0.375
5187 0.375
5270 0.375
5327 0.375
5365 0.375
5443 0.375
5707 0.375
5712 0.375
5753 0.375
5838 0.375
5849 0.375
5854 0.375
5913 0.375
5990 0.375
5999 0.375
6021 0.375
6044 0.375
6075 0.375
6078 0.375
6117 0.375
6136 0.375
6166 0.375
6237 0.375
6257 0.375
6336 0.375
6365 0.375
6426 0.375
6427 0.375
6429 0.375
6432 0.375
6502 0.375
6513 0.375
6523 0.375
6583 0.375
6811 0.375
6920 0.375
6946 0.375
6984 0.375
6986 0.375
7014 0.375
7076 0.375
7092 0.375
7306 0.375
7310 0.375
7352 0.375
7370 0.375
7435 0.375
7448 0.375
