357 1.0
4267 1.0
6961 1.0
8265 1.0
4896 0.9
5039 0.8888888888888888
123 0.875
2066 0.875
2916 0.875
7220 0.875
9977 0.875
685 0.8571428571428571
1043 0.8571428571428571
1809 0.8571428571428571
2484 0.8571428571428571
2513 0.8571428571428571
5266 0.8571428571428571
5986 0.8571428571428571
6704 0.8571428571428571
8328 0.8571428571428571
8387 0.8571428571428571
9789 0.8571428571428571
933 0.8333333333333334
1082 0.8333333333333334
5131 0.8333333333333334
7143 0.8333333333333334
7715 0.8333333333333334
9586 0.8333333333333334
9086 0.8181818181818182
503 0.8
1266 0.8
1929 0.8
2263 0.8
2491 0.8
2538 0.8
3586 0.8
3602 0.8
3631 0.8
4479 0.8
5439 0.8
6164 0.8
6610 0.8
7552 0.8
9031 0.8
9771 0.8
734 0.7777777777777778
2863 0.7777777777777778
3664 0.7777777777777778
3737 0.7777777777777778
4392 0.7777777777777778
4938 0.7777777777777778
7607 0.7777777777777778
663 0.75
3414 0.75
3732 0.75
4200 0.75
5750 0.75
5973 0.75
6586 0.75
7627 0.75
8588 0.75
8930 0.75
8985 0.75
9877 0.75
3482 0.7272727272727273
5074 0.7272727272727273
7424 0.7272727272727273
7937 0.7272727272727273
28 0.7142857142857143
120 0.7142857142857143
980 0.7142857142857143
3147 0.7142857142857143
3929 0.7142857142857143
4783 0.7142857142857143
4910 0.7142857142857143
5940 0.7142857142857143
7317 0.7142857142857143
9710 0.7142857142857143
5301 0.7
5511 0.7
5772 0.7
7637 0.7
8812 0.7
9401 0.7
9831 0.7
143 0.6666666666666666
277 0.6666666666666666
285 0.6666666666666666
308 0.6666666666666666
382 0.6666666666666666
426 0.6666666666666666
594 0.6666666666666666
618 0.6666666666666666
719 0.6666666666666666
844 0.6666666666666666
897 0.6666666666666666
1100 0.6666666666666666
1140 0.6666666666666666
1630 0.6666666666666666
2189 0.6666666666666666
2199 0.6666666666666666
2220 0.6666666666666666
2290 0.6666666666666666
2318 0.6666666666666666
2391 0.6666666666666666
2514 0.6666666666666666
2552 0.6666666666666666
2635 0.6666666666666666
2658 0.6666666666666666
2699 0.6666666666666666
2874 0.6666666666666666
2908 0.6666666666666666
2921 0.6666666666666666
3002 0.6666666666666666
3146 0.6666666666666666
3340 0.6666666666666666
3391 0.6666666666666666
3448 0.6666666666666666
3540 0.6666666666666666
3780 0.6666666666666666
3823 0.6666666666666666
3942 0.6666666666666666
4079 0.6666666666666666
4082 0.6666666666666666
4495 0.6666666666666666
4551 0.6666666666666666
4912 0.6666666666666666
4981 0.6666666666666666
5042 0.6666666666666666
5068 0.6666666666666666
5069 0.6666666666666666
5345 0.6666666666666666
5411 0.6666666666666666
5432 0.6666666666666666
5515 0.6666666666666666
5614 0.6666666666666666
5936 0.6666666666666666
6166 0.6666666666666666
6426 0.6666666666666666
6596 0.6666666666666666
6636 0.6666666666666666
6774 0.6666666666666666
6855 0.6666666666666666
7292 0.6666666666666666
7310 0.6666666666666666
7543 0.6666666666666666
7559 0.6666666666666666
7584 0.6666666666666666
7603 0.6666666666666666
7605 0.6666666666666666
7657 0.6666666666666666
7822 0.6666666666666666
7914 0.6666666666666666
8020 0.6666666666666666
8032 0.6666666666666666
8134 0.6666666666666666
8174 0.6666666666666666
8182 0.6666666666666666
8292 0.6666666666666666
8351 0.6666666666666666
8612 0.6666666666666666
8624 0.6666666666666666
8733 0.6666666666666666
8880 0.6666666666666666
9123 0.6666666666666666
9235 0.6666666666666666
9254 0.6666666666666666
9435 0.6666666666666666
9795 0.6666666666666666
9920 0.6666666666666666
6382 0.6363636363636364
7147 0.6363636363636364
8120 0.6363636363636364
9356 0.6363636363636364
175 0.625
387 0.625
415 0.625
2627 0.625
5070 0.625
5342 0.625
5375 0.625
6046 0.625
6633 0.625
6702 0.625
7782 0.625
8151 0.625
8165 0.625
9208 0.625
9721 0.625
5812 0.6153846153846154
478 0.6
491 0.6
1594 0.6
1646 0.6
1928 0.6
2320 0.6
2794 0.6
3238 0.6
3901 0.6
3977 0.6
4230 0.6
4480 0.6
6133 0.6
6150 0.6
6162 0.6
7287 0.6
7556 0.6
9305 0.6
4683 0.5833333333333334
8082 0.5833333333333334
33 0.5714285714285714
36 0.5714285714285714
113 0.5714285714285714
185 0.5714285714285714
254 0.5714285714285714
356 0.5714285714285714
377 0.5714285714285714
448 0.5714285714285714
605 0.5714285714285714
925 0.5714285714285714
1158 0.5714285714285714
1198 0.5714285714285714
1444 0.5714285714285714
1457 0.5714285714285714
1528 0.5714285714285714
1539 0.5714285714285714
1593 0.5714285714285714
1667 0.5714285714285714
1705 0.5714285714285714
1911 0.5714285714285714
1914 0.5714285714285714
2094 0.5714285714285714
2196 0.5714285714285714
2303 0.5714285714285714
2441 0.5714285714285714
2518 0.5714285714285714
2526 0.5714285714285714
2933 0.5714285714285714
3008 0.5714285714285714
3491 0.5714285714285714
3496 0.5714285714285714
3915 0.5714285714285714
3973 0.5714285714285714
4169 0.5714285714285714
4204 0.5714285714285714
4255 0.5714285714285714
4501 0.5714285714285714
4539 0.5714285714285714
4700 0.5714285714285714
5090 0.5714285714285714
5095 0.5714285714285714
5381 0.5714285714285714
5461 0.5714285714285714
5493 0.5714285714285714
5509 0.5714285714285714
5589 0.5714285714285714
5816 0.5714285714285714
5911 0.5714285714285714
5945 0.5714285714285714
6037 0.5714285714285714
6347 0.5714285714285714
6430 0.5714285714285714
6538 0.5714285714285714
6545 0.5714285714285714
6625 0.5714285714285714
6801 0.5714285714285714
6804 0.5714285714285714
6830 0.5714285714285714
6835 0.5714285714285714
7029 0.5714285714285714
7198 0.5714285714285714
7322 0.5714285714285714
7335 0.5714285714285714
7780 0.5714285714285714
7785 0.5714285714285714
7932 0.5714285714285714
7988 0.5714285714285714
8195 0.5714285714285714
8202 0.5714285714285714
8238 0.5714285714285714
8696 0.5714285714285714
8712 0.5714285714285714
9038 0.5714285714285714
9039 0.5714285714285714
9076 0.5714285714285714
9128 0.5714285714285714
9156 0.5714285714285714
9383 0.5714285714285714
9402 0.5714285714285714
9672 0.5714285714285714
9702 0.5714285714285714
9765 0.5714285714285714
9794 0.5714285714285714
9800 0.5714285714285714
9826 0.5714285714285714
1062 0.5555555555555556
1589 0.5555555555555556
2692 0.5555555555555556
4024 0.5555555555555556
4208 0.5555555555555556
6278 0.5555555555555556
6908 0.5555555555555556
7784 0.5555555555555556
7823 0.5555555555555556
9130 0.5555555555555556
9262 0.5555555555555556
624 0.5454545454545454
3142 0.5454545454545454
3509 0.5454545454545454
8476 0.5454545454545454
9687 0.5454545454545454
1059 0.5384615384615384
89 0.5
114 0.5
195 0.5
204 0.5
209 0.5
220 0.5
271 0.5
309 0.5
367 0.5
451 0.5
505 0.5
513 0.5
539 0.5
543 0.5
604 0.5
608 0.5
621 0.5
648 0.5
802 0.5
832 0.5
837 0.5
898 0.5
939 0.5
974 0.5
1026 0.5
1333 0.5
1383 0.5
1408 0.5
1456 0.5
1471 0.5
1477 0.5
1662 0.5
1694 0.5
1745 0.5
1770 0.5
1857 0.5
1896 0.5
2051 0.5
2075 0.5
2207 0.5
2259 0.5
2324 0.5
2348 0.5
2353 0.5
2409 0.5
2413 0.5
2495 0.5
2503 0.5
2563 0.5
2593 0.5
2649 0.5
2726 0.5
2744 0.5
2952 0.5
2968 0.5
2972 0.5
3037 0.5
3076 0.5
3085 0.5
3130 0.5
3163 0.5
3217 0.5
3226 0.5
3273 0.5
3285 0.5
3335 0.5
3381 0.5
3452 0.5
3533 0.5
3538 0.5
3629 0.5
3745 0.5
3766 0.5
3822 0.5
4050 0.5
4059 0.5
4129 0.5
4158 0.5
4252 0.5
4305 0.5
4403 0.5
4441 0.5
4464 0.5
4465 0.5
4489 0.5
4516 0.5
4640 0.5
4670 0.5
4680 0.5
4835 0.5
4907 0.5
4954 0.5
4991 0.5
5036 0.5
5053 0.5
5100 0.5
5114 0.5
5211 0.5
5232 0.5
5296 0.5
5320 0.5
5442 0.5
5460 0.5
5465 0.5
5477 0.5
5598 0.5
5620 0.5
5669 0.5
5703 0.5
5721 0.5
5726 0.5
5796 0.5
5804 0.5
5909 0.5
5965 0.5
6011 0.5
6089 0.5
6155 0.5
6198 0.5
6250 0.5
6409 0.5
6418 0.5
6432 0.5
6440 0.5
6528 0.5
6542 0.5
6756 0.5
6785 0.5
6806 0.5
6817 0.5
6847 0.5
6867 0.5
6896 0.5
6911 0.5
6993 0.5
7020 0.5
7037 0.5
7053 0.5
7069 0.5
7160 0.5
7170 0.5
7288 0.5
7295 0.5
7300 0.5
7319 0.5
7326 0.5
7407 0.5
7539 0.5
7589 0.5
7626 0.5
7629 0.5
7726 0.5
7798 0.5
7838 0.5
7839 0.5
7949 0.5
7967 0.5
8252 0.5
8303 0.5
8359 0.5
8480 0.5
8502 0.5
8549 0.5
8586 0.5
8592 0.5
8640 0.5
8655 0.5
8701 0.5
8813 0.5
8837 0.5
8873 0.5
9054 0.5
9066 0.5
9168 0.5
9220 0.5
9266 0.5
9293 0.5
9363 0.5
9487 0.5
9512 0.5
9522 0.5
9587 0.5
9670 0.5
9707 0.5
9728 0.5
9867 0.5
9893 0.5
2045 0.46153846153846156
5024 0.46153846153846156
926 0.45454545454545453
1428 0.45454545454545453
3764 0.45454545454545453
4309 0.45454545454545453
5134 0.45454545454545453
6602 0.45454545454545453
6857 0.45454545454545453
7703 0.45454545454545453
7766 0.45454545454545453
8022 0.45454545454545453
8026 0.45454545454545453
8308 0.45454545454545453
8323 0.45454545454545453
8816 0.45454545454545453
72 0.4444444444444444
141 0.4444444444444444
240 0.4444444444444444
337 0.4444444444444444
420 0.4444444444444444
437 0.4444444444444444
607 0.4444444444444444
664 0.4444444444444444
673 0.4444444444444444
767 0.4444444444444444
871 0.4444444444444444
958 0.4444444444444444
1067 0.4444444444444444
1109 0.4444444444444444
1248 0.4444444444444444
1281 0.4444444444444444
1357 0.4444444444444444
1455 0.4444444444444444
1534 0.4444444444444444
1619 0.4444444444444444
1664 0.4444444444444444
1673 0.4444444444444444
1703 0.4444444444444444
1849 0.4444444444444444
1868 0.4444444444444444
1889 0.4444444444444444
1987 0.4444444444444444
2064 0.4444444444444444
2081 0.4444444444444444
2205 0.4444444444444444
2222 0.4444444444444444
2239 0.4444444444444444
2264 0.4444444444444444
2381 0.4444444444444444
2457 0.4444444444444444
2462 0.4444444444444444
2465 0.4444444444444444
2485 0.4444444444444444
2698 0.4444444444444444
2707 0.4444444444444444
2727 0.4444444444444444
2804 0.4444444444444444
2842 0.4444444444444444
2902 0.4444444444444444
3124 0.4444444444444444
3197 0.4444444444444444
3222 0.4444444444444444
3231 0.4444444444444444
3287 0.4444444444444444
3299 0.4444444444444444
3362 0.4444444444444444
3404 0.4444444444444444
3531 0.4444444444444444
3573 0.4444444444444444
3594 0.4444444444444444
3605 0.4444444444444444
3658 0.4444444444444444
3872 0.4444444444444444
3900 0.4444444444444444
3903 0.4444444444444444
3987 0.4444444444444444
4007 0.4444444444444444
4149 0.4444444444444444
4215 0.4444444444444444
4236 0.4444444444444444
4296 0.4444444444444444
4445 0.4444444444444444
4841 0.4444444444444444
4852 0.4444444444444444
4894 0.4444444444444444
4952 0.4444444444444444
5209 0.4444444444444444
5244 0.4444444444444444
5254 0.4444444444444444
5262 0.4444444444444444
5304 0.4444444444444444
5580 0.4444444444444444
5779 0.4444444444444444
5802 0.4444444444444444
5872 0.4444444444444444
5893 0.4444444444444444
5984 0.4444444444444444
6042 0.4444444444444444
6181 0.4444444444444444
6226 0.4444444444444444
6299 0.4444444444444444
6349 0.4444444444444444
6498 0.4444444444444444
6524 0.4444444444444444
6841 0.4444444444444444
6887 0.4444444444444444
6932 0.4444444444444444
7199 0.4444444444444444
7236 0.4444444444444444
7271 0.4444444444444444
7276 0.4444444444444444
7374 0.4444444444444444
7390 0.4444444444444444
7412 0.4444444444444444
7560 0.4444444444444444
7563 0.4444444444444444
7585 0.4444444444444444
7650 0.4444444444444444
7800 0.4444444444444444
7890 0.4444444444444444
7954 0.4444444444444444
8093 0.4444444444444444
8402 0.4444444444444444
8559 0.4444444444444444
8669 0.4444444444444444
8723 0.4444444444444444
8746 0.4444444444444444
8972 0.4444444444444444
8975 0.4444444444444444
8982 0.4444444444444444
9165 0.4444444444444444
9244 0.4444444444444444
9247 0.4444444444444444
9366 0.4444444444444444
9421 0.4444444444444444
9452 0.4444444444444444
9475 0.4444444444444444
9606 0.4444444444444444
9614 0.4444444444444444
9621 0.4444444444444444
9657 0.4444444444444444
9693 0.4444444444444444
9722 0.4444444444444444
9759 0.4444444444444444
9803 0.4444444444444444
41 0.42857142857142855
80 0.42857142857142855
206 0.42857142857142855
236 0.42857142857142855
328 0.42857142857142855
388 0.42857142857142855
479 0.42857142857142855
500 0.42857142857142855
549 0.42857142857142855
596 0.42857142857142855
629 0.42857142857142855
630 0.42857142857142855
670 0.42857142857142855
824 0.42857142857142855
827 0.42857142857142855
999 0.42857142857142855
1167 0.42857142857142855
1220 0.42857142857142855
1261 0.42857142857142855
1330 0.42857142857142855
1590 0.42857142857142855
1808 0.42857142857142855
1892 0.42857142857142855
1932 0.42857142857142855
2033 0.42857142857142855
2036 0.42857142857142855
2337 0.42857142857142855
2630 0.42857142857142855
2959 0.42857142857142855
2977 0.42857142857142855
3091 0.42857142857142855
3126 0.42857142857142855
3144 0.42857142857142855
3577 0.42857142857142855
3683 0.42857142857142855
3747 0.42857142857142855
3773 0.42857142857142855
3865 0.42857142857142855
4087 0.42857142857142855
4318 0.42857142857142855
4385 0.42857142857142855
4428 0.42857142857142855
4519 0.42857142857142855
4537 0.42857142857142855
4609 0.42857142857142855
4773 0.42857142857142855
4820 0.42857142857142855
4858 0.42857142857142855
4925 0.42857142857142855
5030 0.42857142857142855
5084 0.42857142857142855
5187 0.42857142857142855
5335 0.42857142857142855
5429 0.42857142857142855
5752 0.42857142857142855
5770 0.42857142857142855
5959 0.42857142857142855
5967 0.42857142857142855
6019 0.42857142857142855
6064 0.42857142857142855
6075 0.42857142857142855
6123 0.42857142857142855
6124 0.42857142857142855
6132 0.42857142857142855
6137 0.42857142857142855
6274 0.42857142857142855
6371 0.42857142857142855
6624 0.42857142857142855
6641 0.42857142857142855
6668 0.42857142857142855
6688 0.42857142857142855
6809 0.42857142857142855
6824 0.42857142857142855
6899 0.42857142857142855
6901 0.42857142857142855
6903 0.42857142857142855
6905 0.42857142857142855
6929 0.42857142857142855
6939 0.42857142857142855
7003 0.42857142857142855
7107 0.42857142857142855
7180 0.42857142857142855
7264 0.42857142857142855
7307 0.42857142857142855
7429 0.42857142857142855
7573 0.42857142857142855
7614 0.42857142857142855
7757 0.42857142857142855
7801 0.42857142857142855
7889 0.42857142857142855
7892 0.42857142857142855
7979 0.42857142857142855
8249 0.42857142857142855
8430 0.42857142857142855
8466 0.42857142857142855
8544 0.42857142857142855
8700 0.42857142857142855
8728 0.42857142857142855
8872 0.42857142857142855
8959 0.42857142857142855
9040 0.42857142857142855
9047 0.42857142857142855
9055 0.42857142857142855
9063 0.42857142857142855
9269 0.42857142857142855
9439 0.42857142857142855
9444 0.42857142857142855
9494 0.42857142857142855
9677 0.42857142857142855
9894 0.42857142857142855
9908 0.42857142857142855
9910 0.42857142857142855
1141 0.4166666666666667
1423 0.4166666666666667
2142 0.4166666666666667
3746 0.4166666666666667
4527 0.4166666666666667
5823 0.4166666666666667
5875 0.4166666666666667
6154 0.4166666666666667
6249 0.4166666666666667
6869 0.4166666666666667
6885 0.4166666666666667
7332 0.4166666666666667
9295 0.4166666666666667
55 0.4
274 0.4
300 0.4
342 0.4
430 0.4
496 0.4
572 0.4
671 0.4
721 0.4
722 0.4
725 0.4
757 0.4
784 0.4
860 0.4
880 0.4
989 0.4
1005 0.4
1030 0.4
1057 0.4
1200 0.4
1207 0.4
1245 0.4
1292 0.4
1373 0.4
1521 0.4
1604 0.4
1799 0.4
1803 0.4
1840 0.4
1935 0.4
1993 0.4
2042 0.4
2146 0.4
2244 0.4
2258 0.4
2272 0.4
2317 0.4
2452 0.4
2461 0.4
2594 0.4
2615 0.4
2650 0.4
2651 0.4
2666 0.4
2712 0.4
2716 0.4
2750 0.4
2892 0.4
3168 0.4
3284 0.4
3311 0.4
3337 0.4
3353 0.4
3389 0.4
3564 0.4
3603 0.4
3651 0.4
3716 0.4
3988 0.4
4006 0.4
4026 0.4
4088 0.4
4159 0.4
4202 0.4
4210 0.4
4260 0.4
4272 0.4
4287 0.4
4434 0.4
4548 0.4
4590 0.4
4671 0.4
4714 0.4
4792 0.4
4877 0.4
4930 0.4
5020 0.4
5044 0.4
5160 0.4
5371 0.4
5412 0.4
5607 0.4
5613 0.4
5650 0.4
5736 0.4
5759 0.4
5786 0.4
5839 0.4
5939 0.4
6043 0.4
6206 0.4
6235 0.4
6308 0.4
6333 0.4
6351 0.4
6488 0.4
6530 0.4
6776 0.4
7012 0.4
7021 0.4
7103 0.4
7165 0.4
7249 0.4
7437 0.4
7609 0.4
7631 0.4
7659 0.4
7665 0.4
7743 0.4
7820 0.4
7901 0.4
8075 0.4
8102 0.4
8190 0.4
8251 0.4
8316 0.4
8459 0.4
8460 0.4
8600 0.4
8647 0.4
8877 0.4
8883 0.4
8948 0.4
9033 0.4
9119 0.4
9186 0.4
9223 0.4
9296 0.4
9378 0.4
9387 0.4
9492 0.4
9498 0.4
9544 0.4
9594 0.4
9597 0.4
9615 0.4
9840 0.4
9851 0.4
1794 0.38461538461538464
1984 0.38461538461538464
2498 0.38461538461538464
2752 0.38461538461538464
2810 0.38461538461538464
3328 0.38461538461538464
7848 0.38461538461538464
7994 0.38461538461538464
8447 0.38461538461538464
8866 0.38461538461538464
13 0.375
23 0.375
98 0.375
234 0.375
255 0.375
484 0.375
494 0.375
516 0.375
561 0.375
587 0.375
682 0.375
686 0.375
728 0.375
891 0.375
917 0.375
919 0.375
1040 0.375
1044 0.375
1151 0.375
1152 0.375
1163 0.375
1231 0.375
1367 0.375
1427 0.375
1439 0.375
1449 0.375
1466 0.375
1467 0.375
1540 0.375
1548 0.375
1599 0.375
1670 0.375
1671 0.375
1690 0.375
1710 0.375
1747 0.375
1755 0.375
1873 0.375
2010 0.375
2059 0.375
2071 0.375
2113 0.375
2121 0.375
2132 0.375
2150 0.375
2188 0.375
2195 0.375
2201 0.375
2209 0.375
2304 0.375
2389 0.375
2406 0.375
2435 0.375
2482 0.375
2490 0.375
2500 0.375
2534 0.375
2549 0.375
2673 0.375
2730 0.375
2780 0.375
2873 0.375
2912 0.375
2965 0.375
2967 0.375
2995 0.375
3038 0.375
3084 0.375
3090 0.375
3115 0.375
3119 0.375
3181 0.375
3210 0.375
3294 0.375
3305 0.375
3312 0.375
3317 0.375
3342 0.375
3410 0.375
3432 0.375
3486 0.375
3532 0.375
