297 1.0
352 0.8888888888888888
548 0.875
725 0.875
320 0.8571428571428571
296 0.8333333333333334
607 0.8333333333333334
732 0.8333333333333334
996 0.8333333333333334
39 0.8
203 0.8
576 0.8
825 0.7777777777777778
32 0.75
241 0.75
107 0.7142857142857143
47 0.6666666666666666
79 0.6666666666666666
120 0.6666666666666666
161 0.6666666666666666
162 0.6666666666666666
215 0.6666666666666666
284 0.6666666666666666
625 0.6666666666666666
699 0.6666666666666666
775 0.6666666666666666
819 0.6666666666666666
852 0.6666666666666666
870 0.6666666666666666
888 0.6666666666666666
940 0.6666666666666666
895 0.6363636363636364
133 0.625
393 0.625
886 0.6
915 0.6
20 0.5714285714285714
22 0.5714285714285714
106 0.5714285714285714
116 0.5714285714285714
143 0.5714285714285714
233 0.5714285714285714
281 0.5714285714285714
452 0.5714285714285714
469 0.5714285714285714
480 0.5714285714285714
495 0.5714285714285714
541 0.5714285714285714
544 0.5714285714285714
632 0.5714285714285714
735 0.5714285714285714
754 0.5714285714285714
842 0.5714285714285714
871 0.5714285714285714
96 0.5555555555555556
274 0.5555555555555556
817 0.5555555555555556
936 0.5555555555555556
26 0.5
49 0.5
60 0.5
76 0.5
87 0.5
102 0.5
181 0.5
208 0.5
216 0.5
221 0.5
235 0.5
252 0.5
290 0.5
302 0.5
307 0.5
337 0.5
353 0.5
423 0.5
474 0.5
486 0.5
506 0.5
508 0.5
536 0.5
608 0.5
681 0.5
704 0.5
709 0.5
721 0.5
724 0.5
773 0.5
774 0.5
784 0.5
805 0.5
878 0.5
894 0.5
914 0.5
924 0.5
933 0.5
952 0.5
962 0.5
968 0.5
986 0.5
428 0.45454545454545453
484 0.45454545454545453
844 0.45454545454545453
944 0.45454545454545453
28 0.4444444444444444
91 0.4444444444444444
159 0.4444444444444444
172 0.4444444444444444
177 0.4444444444444444
210 0.4444444444444444
257 0.4444444444444444
265 0.4444444444444444
292 0.4444444444444444
306 0.4444444444444444
310 0.4444444444444444
326 0.4444444444444444
366 0.4444444444444444
369 0.4444444444444444
513 0.4444444444444444
522 0.4444444444444444
532 0.4444444444444444
712 0.4444444444444444
739 0.4444444444444444
741 0.4444444444444444
752 0.4444444444444444
769 0.4444444444444444
783 0.4444444444444444
808 0.4444444444444444
811 0.4444444444444444
824 0.4444444444444444
854 0.4444444444444444
881 0.4444444444444444
898 0.4444444444444444
917 0.4444444444444444
997 0.4444444444444444
36 0.42857142857142855
112 0.42857142857142855
119 0.42857142857142855
129 0.42857142857142855
163 0.42857142857142855
193 0.42857142857142855
209 0.42857142857142855
225 0.42857142857142855
242 0.42857142857142855
322 0.42857142857142855
336 0.42857142857142855
392 0.42857142857142855
396 0.42857142857142855
402 0.42857142857142855
479 0.42857142857142855
566 0.42857142857142855
573 0.42857142857142855
591 0.42857142857142855
599 0.42857142857142855
604 0.42857142857142855
737 0.42857142857142855
742 0.42857142857142855
765 0.42857142857142855
953 0.42857142857142855
283 0.4166666666666667
653 0.4166666666666667
893 0.4166666666666667
27 0.4
164 0.4
186 0.4
204 0.4
217 0.4
253 0.4
305 0.4
316 0.4
323 0.4
331 0.4
398 0.4
496 0.4
498 0.4
529 0.4
534 0.4
561 0.4
626 0.4
731 0.4
796 0.4
804 0.4
847 0.4
860 0.4
913 0.4
945 0.4
963 0.4
972 0.4
976 0.4
838 0.38461538461538464
967 0.38461538461538464
10 0.375
13 0.375
23 0.375
37 0.375
40 0.375
73 0.375
85 0.375
109 0.375
169 0.375
173 0.375
185 0.375
230 0.375
237 0.375
245 0.375
282 0.375
315 0.375
333 0.375
343 0.375
415 0.375
424 0.375
425 0.375
438 0.375
449 0.375
457 0.375
458 0.375
460 0.375
466 0.375
472 0.375
539 0.375
547 0.375
567 0.375
578 0.375
593 0.375
629 0.375
642 0.375
655 0.375
662 0.375
690 0.375
700 0.375
740 0.375
749 0.375
750 0.375
760 0.375
786 0.375
809 0.375
832 0.375
859 0.375
876 0.375
955 0.375
977 0.375
978 0.375
987 0.375
46 0.36363636363636365
52 0.36363636363636365
57 0.36363636363636365
132 0.36363636363636365
140 0.36363636363636365
373 0.36363636363636365
422 0.36363636363636365
