69 1.0
583 1.0
727 1.0
773 0.9
82 0.875
132 0.875
450 0.8181818181818182
80 0.8
394 0.8
526 0.8
943 0.8
189 0.7777777777777778
166 0.75
192 0.75
269 0.75
467 0.75
619 0.75
952 0.75
553 0.7142857142857143
784 0.7
28 0.6666666666666666
29 0.6666666666666666
73 0.6666666666666666
111 0.6666666666666666
171 0.6666666666666666
273 0.6666666666666666
483 0.6666666666666666
487 0.6666666666666666
604 0.6666666666666666
635 0.6666666666666666
700 0.6666666666666666
772 0.6666666666666666
789 0.6666666666666666
802 0.6666666666666666
827 0.6666666666666666
855 0.6666666666666666
924 0.6666666666666666
415 0.625
489 0.625
820 0.625
872 0.625
999 0.625
107 0.6
172 0.6
451 0.6
2 0.5714285714285714
43 0.5714285714285714
122 0.5714285714285714
143 0.5714285714285714
196 0.5714285714285714
301 0.5714285714285714
332 0.5714285714285714
401 0.5714285714285714
431 0.5714285714285714
461 0.5714285714285714
494 0.5714285714285714
577 0.5714285714285714
617 0.5714285714285714
640 0.5714285714285714
659 0.5714285714285714
694 0.5714285714285714
747 0.5714285714285714
751 0.5714285714285714
824 0.5714285714285714
901 0.5714285714285714
923 0.5714285714285714
986 0.5714285714285714
64 0.5555555555555556
417 0.5555555555555556
7 0.5
51 0.5
93 0.5
102 0.5
147 0.5
155 0.5
184 0.5
235 0.5
278 0.5
296 0.5
336 0.5
368 0.5
376 0.5
471 0.5
474 0.5
537 0.5
546 0.5
609 0.5
626 0.5
670 0.5
679 0.5
714 0.5
720 0.5
785 0.5
823 0.5
837 0.5
838 0.5
842 0.5
845 0.5
878 0.5
893 0.5
900 0.5
921 0.5
938 0.5
961 0.5
974 0.5
976 0.5
318 0.46153846153846156
279 0.45454545454545453
425 0.45454545454545453
501 0.45454545454545453
852 0.45454545454545453
60 0.4444444444444444
76 0.4444444444444444
78 0.4444444444444444
89 0.4444444444444444
151 0.4444444444444444
152 0.4444444444444444
153 0.4444444444444444
174 0.4444444444444444
183 0.4444444444444444
213 0.4444444444444444
261 0.4444444444444444
307 0.4444444444444444
339 0.4444444444444444
340 0.4444444444444444
341 0.4444444444444444
403 0.4444444444444444
419 0.4444444444444444
491 0.4444444444444444
499 0.4444444444444444
531 0.4444444444444444
539 0.4444444444444444
544 0.4444444444444444
566 0.4444444444444444
598 0.4444444444444444
633 0.4444444444444444
657 0.4444444444444444
686 0.4444444444444444
706 0.4444444444444444
722 0.4444444444444444
741 0.4444444444444444
769 0.4444444444444444
809 0.4444444444444444
864 0.4444444444444444
902 0.4444444444444444
939 0.4444444444444444
945 0.4444444444444444
960 0.4444444444444444
33 0.42857142857142855
47 0.42857142857142855
68 0.42857142857142855
181 0.42857142857142855
309 0.42857142857142855
337 0.42857142857142855
365 0.42857142857142855
366 0.42857142857142855
369 0.42857142857142855
379 0.42857142857142855
429 0.42857142857142855
516 0.42857142857142855
560 0.42857142857142855
564 0.42857142857142855
576 0.42857142857142855
614 0.42857142857142855
664 0.42857142857142855
669 0.42857142857142855
674 0.42857142857142855
680 0.42857142857142855
702 0.42857142857142855
800 0.42857142857142855
904 0.42857142857142855
983 0.42857142857142855
79 0.4
187 0.4
288 0.4
291 0.4
300 0.4
305 0.4
331 0.4
358 0.4
388 0.4
416 0.4
475 0.4
527 0.4
549 0.4
570 0.4
581 0.4
608 0.4
627 0.4
632 0.4
638 0.4
642 0.4
663 0.4
699 0.4
726 0.4
730 0.4
732 0.4
790 0.4
791 0.4
816 0.4
817 0.4
828 0.4
862 0.4
875 0.4
885 0.4
889 0.4
891 0.4
926 0.4
927 0.4
940 0.4
973 0.4
978 0.4
14 0.375
46 0.375
61 0.375
83 0.375
99 0.375
110 0.375
126 0.375
197 0.375
205 0.375
215 0.375
231 0.375
247 0.375
248 0.375
257 0.375
275 0.375
281 0.375
282 0.375
292 0.375
306 0.375
311 0.375
312 0.375
345 0.375
378 0.375
381 0.375
405 0.375
428 0.375
437 0.375
438 0.375
439 0.375
460 0.375
490 0.375
497 0.375
525 0.375
530 0.375
535 0.375
562 0.375
599 0.375
647 0.375
