976 0.8
353 0.75
988 0.75
939 0.7
240 0.6666666666666666
380 0.6666666666666666
439 0.6666666666666666
587 0.6666666666666666
612 0.6666666666666666
757 0.6666666666666666
770 0.6666666666666666
860 0.6666666666666666
864 0.6666666666666666
309 0.625
457 0.625
67 0.5714285714285714
137 0.5714285714285714
179 0.5714285714285714
291 0.5714285714285714
736 0.5714285714285714
785 0.5714285714285714
928 0.5714285714285714
300 0.5555555555555556
440 0.5555555555555556
103 0.5
116 0.5
139 0.5
183 0.5
293 0.5
368 0.5
384 0.5
387 0.5
407 0.5
411 0.5
493 0.5
506 0.5
530 0.5
532 0.5
590 0.5
663 0.5
682 0.5
732 0.5
815 0.5
899 0.5
911 0.5
915 0.5
491 0.45454545454545453
30 0.4444444444444444
34 0.4444444444444444
48 0.4444444444444444
91 0.4444444444444444
114 0.4444444444444444
424 0.4444444444444444
497 0.4444444444444444
617 0.4444444444444444
652 0.4444444444444444
756 0.4444444444444444
839 0.4444444444444444
844 0.4444444444444444
967 0.4444444444444444
356 0.42857142857142855
560 0.42857142857142855
678 0.42857142857142855
19 0.4
52 0.4
109 0.4
321 0.4
371 0.4
507 0.4
643 0.4
690 0.4
718 0.4
814 0.4
871 0.4
903 0.4
904 0.4
945 0.4
984 0.4
985 0.4
133 0.38461538461538464
360 0.38461538461538464
43 0.375
99 0.375
170 0.375
229 0.375
235 0.375
242 0.375
249 0.375
288 0.375
299 0.375
310 0.375
317 0.375
324 0.375
327 0.375
351 0.375
417 0.375
453 0.375
525 0.375
550 0.375
551 0.375
567 0.375
596 0.375
657 0.375
668 0.375
687 0.375
691 0.375
722 0.375
728 0.375
776 0.375
811 0.375
829 0.375
830 0.375
980 0.375
40 0.36363636363636365
184 0.36363636363636365
294 0.36363636363636365
408 0.36363636363636365
451 0.36363636363636365
595 0.36363636363636365
948 0.36363636363636365
18 0.3333333333333333
53 0.3333333333333333
61 0.3333333333333333
63 0.3333333333333333
66 0.3333333333333333
69 0.3333333333333333
70 0.3333333333333333
90 0.3333333333333333
101 0.3333333333333333
104 0.3333333333333333
121 0.3333333333333333
124 0.3333333333333333
132 0.3333333333333333
136 0.3333333333333333
140 0.3333333333333333
164 0.3333333333333333
168 0.3333333333333333
180 0.3333333333333333
194 0.3333333333333333
198 0.3333333333333333
211 0.3333333333333333
214 0.3333333333333333
218 0.3333333333333333
219 0.3333333333333333
237 0.3333333333333333
260 0.3333333333333333
265 0.3333333333333333
267 0.3333333333333333
275 0.3333333333333333
276 0.3333333333333333
301 0.3333333333333333
325 0.3333333333333333
332 0.3333333333333333
352 0.3333333333333333
378 0.3333333333333333
379 0.3333333333333333
422 0.3333333333333333
434 0.3333333333333333
475 0.3333333333333333
476 0.3333333333333333
479 0.3333333333333333
496 0.3333333333333333
504 0.3333333333333333
509 0.3333333333333333
531 0.3333333333333333
591 0.3333333333333333
598 0.3333333333333333
609 0.3333333333333333
618 0.3333333333333333
644 0.3333333333333333
648 0.3333333333333333
658 0.3333333333333333
683 0.3333333333333333
699 0.3333333333333333
743 0.3333333333333333
760 0.3333333333333333
784 0.3333333333333333
792 0.3333333333333333
800 0.3333333333333333
823 0.3333333333333333
827 0.3333333333333333
841 0.3333333333333333
851 0.3333333333333333
927 0.3333333333333333
955 0.3333333333333333
986 0.3333333333333333
997 0.3333333333333333
14 0.3076923076923077
125 0.3076923076923077
261 0.3076923076923077
488 0.3076923076923077
492 0.3076923076923077
4 0.3
88 0.3
93 0.3
144 0.3
148 0.3
159 0.3
165 0.3
169 0.3
185 0.3
205 0.3
208 0.3
292 0.3
296 0.3
304 0.3
323 0.3
328 0.3
346 0.3
362 0.3
401 0.3
409 0.3
566 0.3
571 0.3
578 0.3
611 0.3
661 0.3
701 0.3
708 0.3
758 0.3
786 0.3
838 0.3
874 0.3
894 0.3
910 0.3
924 0.3
932 0.3
936 0.3
946 0.3
960 0.3
968 0.3
982 0.3
10 0.2857142857142857
16 0.2857142857142857
113 0.2857142857142857
152 0.2857142857142857
230 0.2857142857142857
247 0.2857142857142857
322 0.2857142857142857
342 0.2857142857142857
349 0.2857142857142857
373 0.2857142857142857
376 0.2857142857142857
396 0.2857142857142857
412 0.2857142857142857
435 0.2857142857142857
443 0.2857142857142857
448 0.2857142857142857
450 0.2857142857142857
461 0.2857142857142857
