908 1.0
951 0.875
311 0.8333333333333334
34 0.8
145 0.8
346 0.8
586 0.8
754 0.8
588 0.75
622 0.75
134 0.7142857142857143
835 0.7142857142857143
78 0.6666666666666666
215 0.6666666666666666
269 0.6666666666666666
302 0.6666666666666666
313 0.6666666666666666
341 0.6666666666666666
380 0.6666666666666666
452 0.6666666666666666
539 0.6666666666666666
815 0.6666666666666666
918 0.6666666666666666
919 0.6666666666666666
967 0.6666666666666666
48 0.625
110 0.625
167 0.625
681 0.6
771 0.6
73 0.5714285714285714
107 0.5714285714285714
112 0.5714285714285714
233 0.5714285714285714
259 0.5714285714285714
316 0.5714285714285714
375 0.5714285714285714
381 0.5714285714285714
389 0.5714285714285714
433 0.5714285714285714
502 0.5714285714285714
519 0.5714285714285714
563 0.5714285714285714
565 0.5714285714285714
619 0.5714285714285714
697 0.5714285714285714
734 0.5714285714285714
767 0.5714285714285714
840 0.5714285714285714
901 0.5714285714285714
931 0.5714285714285714
35 0.5555555555555556
285 0.5555555555555556
51 0.5454545454545454
29 0.5
70 0.5
160 0.5
232 0.5
273 0.5
322 0.5
323 0.5
339 0.5
345 0.5
400 0.5
427 0.5
462 0.5
469 0.5
509 0.5
521 0.5
561 0.5
566 0.5
571 0.5
596 0.5
599 0.5
625 0.5
631 0.5
640 0.5
672 0.5
695 0.5
707 0.5
724 0.5
735 0.5
761 0.5
797 0.5
818 0.5
850 0.5
856 0.5
886 0.5
668 0.45454545454545453
38 0.4444444444444444
45 0.4444444444444444
108 0.4444444444444444
152 0.4444444444444444
173 0.4444444444444444
174 0.4444444444444444
175 0.4444444444444444
200 0.4444444444444444
283 0.4444444444444444
350 0.4444444444444444
379 0.4444444444444444
401 0.4444444444444444
466 0.4444444444444444
638 0.4444444444444444
642 0.4444444444444444
646 0.4444444444444444
654 0.4444444444444444
686 0.4444444444444444
698 0.4444444444444444
752 0.4444444444444444
791 0.4444444444444444
12 0.42857142857142855
28 0.42857142857142855
33 0.42857142857142855
93 0.42857142857142855
130 0.42857142857142855
212 0.42857142857142855
231 0.42857142857142855
235 0.42857142857142855
245 0.42857142857142855
258 0.42857142857142855
324 0.42857142857142855
372 0.42857142857142855
399 0.42857142857142855
412 0.42857142857142855
440 0.42857142857142855
721 0.42857142857142855
723 0.42857142857142855
863 0.42857142857142855
949 0.42857142857142855
977 0.42857142857142855
984 0.42857142857142855
999 0.42857142857142855
109 0.4166666666666667
69 0.4
89 0.4
218 0.4
240 0.4
319 0.4
343 0.4
344 0.4
395 0.4
475 0.4
492 0.4
524 0.4
550 0.4
574 0.4
655 0.4
683 0.4
737 0.4
795 0.4
867 0.4
882 0.4
966 0.4
7 0.38461538461538464
32 0.375
54 0.375
66 0.375
67 0.375
77 0.375
193 0.375
207 0.375
219 0.375
227 0.375
243 0.375
317 0.375
357 0.375
404 0.375
405 0.375
422 0.375
532 0.375
589 0.375
615 0.375
656 0.375
663 0.375
691 0.375
727 0.375
810 0.375
905 0.375
915 0.375
921 0.375
980 0.375
137 0.36363636363636365
180 0.36363636363636365
211 0.36363636363636365
303 0.36363636363636365
335 0.36363636363636365
537 0.36363636363636365
545 0.36363636363636365
576 0.36363636363636365
621 0.36363636363636365
703 0.36363636363636365
705 0.36363636363636365
798 0.36363636363636365
849 0.36363636363636365
883 0.36363636363636365
884 0.36363636363636365
5 0.3333333333333333
8 0.3333333333333333
22 0.3333333333333333
30 0.3333333333333333
68 0.3333333333333333
80 0.3333333333333333
82 0.3333333333333333
84 0.3333333333333333
85 0.3333333333333333
94 0.3333333333333333
103 0.3333333333333333
113 0.3333333333333333
133 0.3333333333333333
142 0.3333333333333333
164 0.3333333333333333
168 0.3333333333333333
171 0.3333333333333333
178 0.3333333333333333
186 0.3333333333333333
198 0.3333333333333333
224 0.3333333333333333
257 0.3333333333333333
278 0.3333333333333333
282 0.3333333333333333
286 0.3333333333333333
331 0.3333333333333333
333 0.3333333333333333
334 0.3333333333333333
356 0.3333333333333333
366 0.3333333333333333
370 0.3333333333333333
371 0.3333333333333333
392 0.3333333333333333
394 0.3333333333333333
402 0.3333333333333333
419 0.3333333333333333
420 0.3333333333333333
426 0.3333333333333333
437 0.3333333333333333
445 0.3333333333333333
448 0.3333333333333333
460 0.3333333333333333
464 0.3333333333333333
480 0.3333333333333333
489 0.3333333333333333
515 0.3333333333333333
541 0.3333333333333333
547 0.3333333333333333
564 0.3333333333333333
585 0.3333333333333333
597 0.3333333333333333
601 0.3333333333333333
605 0.3333333333333333
606 0.3333333333333333
