85 0.875
784 0.8333333333333334
15 0.75
155 0.75
178 0.75
297 0.75
433 0.75
737 0.75
420 0.7142857142857143
426 0.7142857142857143
113 0.7
217 0.7
892 0.7
10 0.6666666666666666
218 0.6666666666666666
229 0.6666666666666666
269 0.6666666666666666
324 0.6666666666666666
352 0.6666666666666666
875 0.6666666666666666
912 0.6666666666666666
913 0.6666666666666666
991 0.6666666666666666
112 0.625
674 0.6
56 0.5714285714285714
231 0.5714285714285714
265 0.5714285714285714
474 0.5714285714285714
532 0.5714285714285714
566 0.5714285714285714
569 0.5714285714285714
584 0.5714285714285714
616 0.5714285714285714
686 0.5714285714285714
746 0.5714285714285714
809 0.5714285714285714
854 0.5714285714285714
929 0.5714285714285714
948 0.5714285714285714
192 0.5555555555555556
40 0.5
58 0.5
146 0.5
219 0.5
227 0.5
285 0.5
333 0.5
428 0.5
495 0.5
530 0.5
540 0.5
588 0.5
643 0.5
700 0.5
727 0.5
740 0.5
771 0.5
775 0.5
778 0.5
802 0.5
833 0.5
867 0.5
885 0.5
894 0.5
904 0.5
980 0.5
996 0.5
800 0.46153846153846156
263 0.45454545454545453
138 0.4444444444444444
143 0.4444444444444444
215 0.4444444444444444
222 0.4444444444444444
475 0.4444444444444444
481 0.4444444444444444
506 0.4444444444444444
558 0.4444444444444444
766 0.4444444444444444
823 0.4444444444444444
881 0.4444444444444444
886 0.4444444444444444
964 0.4444444444444444
2 0.42857142857142855
50 0.42857142857142855
93 0.42857142857142855
115 0.42857142857142855
161 0.42857142857142855
342 0.42857142857142855
466 0.42857142857142855
657 0.42857142857142855
687 0.42857142857142855
203 0.4166666666666667
225 0.4166666666666667
258 0.4166666666666667
62 0.4
74 0.4
98 0.4
106 0.4
111 0.4
127 0.4
158 0.4
274 0.4
444 0.4
460 0.4
554 0.4
574 0.4
733 0.4
785 0.4
828 0.4
905 0.4
534 0.38461538461538464
24 0.375
149 0.375
211 0.375
213 0.375
226 0.375
228 0.375
240 0.375
299 0.375
425 0.375
427 0.375
470 0.375
541 0.375
546 0.375
563 0.375
626 0.375
672 0.375
685 0.375
722 0.375
769 0.375
804 0.375
816 0.375
896 0.375
910 0.375
949 0.375
13 0.36363636363636365
52 0.36363636363636365
53 0.36363636363636365
107 0.36363636363636365
201 0.36363636363636365
275 0.36363636363636365
305 0.36363636363636365
323 0.36363636363636365
399 0.36363636363636365
543 0.36363636363636365
708 0.36363636363636365
729 0.36363636363636365
984 0.36363636363636365
22 0.3333333333333333
81 0.3333333333333333
83 0.3333333333333333
104 0.3333333333333333
124 0.3333333333333333
125 0.3333333333333333
129 0.3333333333333333
135 0.3333333333333333
136 0.3333333333333333
150 0.3333333333333333
153 0.3333333333333333
154 0.3333333333333333
162 0.3333333333333333
170 0.3333333333333333
179 0.3333333333333333
185 0.3333333333333333
220 0.3333333333333333
244 0.3333333333333333
257 0.3333333333333333
271 0.3333333333333333
282 0.3333333333333333
296 0.3333333333333333
301 0.3333333333333333
306 0.3333333333333333
309 0.3333333333333333
316 0.3333333333333333
328 0.3333333333333333
332 0.3333333333333333
334 0.3333333333333333
341 0.3333333333333333
349 0.3333333333333333
358 0.3333333333333333
369 0.3333333333333333
390 0.3333333333333333
393 0.3333333333333333
395 0.3333333333333333
400 0.3333333333333333
409 0.3333333333333333
424 0.3333333333333333
435 0.3333333333333333
445 0.3333333333333333
465 0.3333333333333333
468 0.3333333333333333
471 0.3333333333333333
472 0.3333333333333333
483 0.3333333333333333
505 0.3333333333333333
513 0.3333333333333333
520 0.3333333333333333
524 0.3333333333333333
536 0.3333333333333333
542 0.3333333333333333
544 0.3333333333333333
545 0.3333333333333333
550 0.3333333333333333
594 0.3333333333333333
609 0.3333333333333333
611 0.3333333333333333
618 0.3333333333333333
622 0.3333333333333333
627 0.3333333333333333
637 0.3333333333333333
644 0.3333333333333333
664 0.3333333333333333
670 0.3333333333333333
675 0.3333333333333333
684 0.3333333333333333
706 0.3333333333333333
709 0.3333333333333333
717 0.3333333333333333
718 0.3333333333333333
719 0.3333333333333333
724 0.3333333333333333
744 0.3333333333333333
773 0.3333333333333333
787 0.3333333333333333
794 0.3333333333333333
822 0.3333333333333333
842 0.3333333333333333
855 0.3333333333333333
857 0.3333333333333333
878 0.3333333333333333
887 0.3333333333333333
902 0.3333333333333333
925 0.3333333333333333
928 0.3333333333333333
945 0.3333333333333333
978 0.3333333333333333
985 0.3333333333333333
998 0.3333333333333333
191 0.3125
66 0.3076923076923077
314 0.3076923076923077
331 0.3076923076923077
589 0.3076923076923077
646 0.3076923076923077
850 0.3076923076923077
9 0.3
33 0.3
38 0.3
51 0.3
