420 1.0
991 0.8888888888888888
188 0.875
282 0.875
920 0.8571428571428571
676 0.8181818181818182
982 0.8181818181818182
318 0.8
706 0.8
276 0.75
332 0.75
369 0.75
923 0.75
659 0.7142857142857143
846 0.7142857142857143
594 0.7
23 0.6666666666666666
31 0.6666666666666666
281 0.6666666666666666
290 0.6666666666666666
307 0.6666666666666666
347 0.6666666666666666
356 0.6666666666666666
438 0.6666666666666666
533 0.6666666666666666
560 0.6666666666666666
599 0.6666666666666666
613 0.6666666666666666
621 0.6666666666666666
296 0.6363636363636364
61 0.6
134 0.6
153 0.6
176 0.6
284 0.6
297 0.6
397 0.6
423 0.6
482 0.6
831 0.6
86 0.5714285714285714
118 0.5714285714285714
126 0.5714285714285714
141 0.5714285714285714
244 0.5714285714285714
305 0.5714285714285714
576 0.5714285714285714
653 0.5714285714285714
658 0.5714285714285714
705 0.5714285714285714
793 0.5714285714285714
800 0.5714285714285714
819 0.5714285714285714
875 0.5714285714285714
884 0.5714285714285714
130 0.5555555555555556
209 0.5555555555555556
361 0.5555555555555556
675 0.5555555555555556
732 0.5454545454545454
3 0.5
11 0.5
15 0.5
38 0.5
43 0.5
53 0.5
166 0.5
267 0.5
451 0.5
484 0.5
585 0.5
591 0.5
609 0.5
624 0.5
648 0.5
685 0.5
742 0.5
755 0.5
763 0.5
791 0.5
792 0.5
821 0.5
915 0.5
968 0.5
977 0.5
994 0.5
321 0.45454545454545453
402 0.45454545454545453
122 0.4444444444444444
158 0.4444444444444444
180 0.4444444444444444
223 0.4444444444444444
364 0.4444444444444444
500 0.4444444444444444
606 0.4444444444444444
631 0.4444444444444444
688 0.4444444444444444
809 0.4444444444444444
838 0.4444444444444444
8 0.42857142857142855
140 0.42857142857142855
149 0.42857142857142855
179 0.42857142857142855
214 0.42857142857142855
216 0.42857142857142855
224 0.42857142857142855
236 0.42857142857142855
271 0.42857142857142855
292 0.42857142857142855
300 0.42857142857142855
331 0.42857142857142855
373 0.42857142857142855
405 0.42857142857142855
429 0.42857142857142855
470 0.42857142857142855
569 0.42857142857142855
595 0.42857142857142855
672 0.42857142857142855
679 0.42857142857142855
683 0.42857142857142855
707 0.42857142857142855
735 0.42857142857142855
747 0.42857142857142855
873 0.42857142857142855
957 0.42857142857142855
412 0.4166666666666667
418 0.4166666666666667
12 0.4
62 0.4
113 0.4
151 0.4
157 0.4
170 0.4
182 0.4
203 0.4
210 0.4
245 0.4
340 0.4
363 0.4
488 0.4
519 0.4
654 0.4
713 0.4
743 0.4
794 0.4
826 0.4
925 0.4
963 0.4
966 0.4
745 0.38461538461538464
953 0.38461538461538464
17 0.375
68 0.375
69 0.375
115 0.375
117 0.375
120 0.375
143 0.375
175 0.375
274 0.375
308 0.375
372 0.375
422 0.375
425 0.375
466 0.375
504 0.375
520 0.375
546 0.375
598 0.375
600 0.375
620 0.375
634 0.375
642 0.375
649 0.375
712 0.375
727 0.375
790 0.375
820 0.375
839 0.375
870 0.375
885 0.375
952 0.375
82 0.36363636363636365
124 0.36363636363636365
269 0.36363636363636365
314 0.36363636363636365
399 0.36363636363636365
496 0.36363636363636365
617 0.36363636363636365
739 0.36363636363636365
818 0.36363636363636365
1 0.3333333333333333
22 0.3333333333333333
37 0.3333333333333333
58 0.3333333333333333
60 0.3333333333333333
64 0.3333333333333333
79 0.3333333333333333
84 0.3333333333333333
90 0.3333333333333333
92 0.3333333333333333
104 0.3333333333333333
106 0.3333333333333333
107 0.3333333333333333
128 0.3333333333333333
129 0.3333333333333333
133 0.3333333333333333
150 0.3333333333333333
159 0.3333333333333333
161 0.3333333333333333
169 0.3333333333333333
184 0.3333333333333333
193 0.3333333333333333
194 0.3333333333333333
197 0.3333333333333333
202 0.3333333333333333
208 0.3333333333333333
218 0.3333333333333333
222 0.3333333333333333
228 0.3333333333333333
252 0.3333333333333333
253 0.3333333333333333
298 0.3333333333333333
299 0.3333333333333333
326 0.3333333333333333
341 0.3333333333333333
345 0.3333333333333333
351 0.3333333333333333
389 0.3333333333333333
391 0.3333333333333333
392 0.3333333333333333
400 0.3333333333333333
424 0.3333333333333333
437 0.3333333333333333
439 0.3333333333333333
443 0.3333333333333333
473 0.3333333333333333
475 0.3333333333333333
479 0.3333333333333333
512 0.3333333333333333
516 0.3333333333333333
528 0.3333333333333333
535 0.3333333333333333
537 0.3333333333333333
541 0.3333333333333333
552 0.3333333333333333
558 0.3333333333333333
565 0.3333333333333333
567 0.3333333333333333
572 0.3333333333333333
