303 1.0
762 1.0
898 1.0
112 0.9
53 0.8888888888888888
134 0.8888888888888888
435 0.8888888888888888
756 0.875
163 0.8571428571428571
296 0.8571428571428571
378 0.8571428571428571
713 0.8571428571428571
759 0.8571428571428571
31 0.8
4 0.7777777777777778
791 0.7777777777777778
17 0.75
40 0.75
407 0.75
912 0.75
92 0.6666666666666666
167 0.6666666666666666
186 0.6666666666666666
190 0.6666666666666666
229 0.6666666666666666
272 0.6666666666666666
333 0.6666666666666666
411 0.6666666666666666
425 0.6666666666666666
432 0.6666666666666666
474 0.6666666666666666
604 0.6666666666666666
858 0.6666666666666666
894 0.6666666666666666
972 0.6666666666666666
973 0.6666666666666666
976 0.6666666666666666
978 0.6666666666666666
226 0.6363636363636364
403 0.625
415 0.625
650 0.625
83 0.5714285714285714
89 0.5714285714285714
126 0.5714285714285714
285 0.5714285714285714
336 0.5714285714285714
362 0.5714285714285714
399 0.5714285714285714
520 0.5714285714285714
589 0.5714285714285714
673 0.5714285714285714
676 0.5714285714285714
704 0.5714285714285714
720 0.5714285714285714
727 0.5714285714285714
778 0.5714285714285714
892 0.5714285714285714
913 0.5714285714285714
929 0.5714285714285714
979 0.5714285714285714
987 0.5714285714285714
66 0.5555555555555556
107 0.5555555555555556
572 0.5555555555555556
918 0.5555555555555556
388 0.5454545454545454
780 0.5454545454545454
5 0.5
10 0.5
27 0.5
85 0.5
152 0.5
155 0.5
159 0.5
165 0.5
166 0.5
178 0.5
181 0.5
192 0.5
207 0.5
308 0.5
310 0.5
346 0.5
400 0.5
439 0.5
454 0.5
476 0.5
513 0.5
536 0.5
548 0.5
549 0.5
577 0.5
593 0.5
594 0.5
627 0.5
634 0.5
681 0.5
800 0.5
809 0.5
827 0.5
860 0.5
863 0.5
935 0.5
951 0.5
966 0.5
974 0.5
47 0.45454545454545453
62 0.45454545454545453
81 0.45454545454545453
645 0.45454545454545453
67 0.4444444444444444
77 0.4444444444444444
113 0.4444444444444444
125 0.4444444444444444
168 0.4444444444444444
231 0.4444444444444444
305 0.4444444444444444
349 0.4444444444444444
356 0.4444444444444444
367 0.4444444444444444
448 0.4444444444444444
464 0.4444444444444444
481 0.4444444444444444
537 0.4444444444444444
569 0.4444444444444444
639 0.4444444444444444
743 0.4444444444444444
747 0.4444444444444444
839 0.4444444444444444
868 0.4444444444444444
983 0.4444444444444444
21 0.42857142857142855
64 0.42857142857142855
65 0.42857142857142855
86 0.42857142857142855
96 0.42857142857142855
105 0.42857142857142855
188 0.42857142857142855
198 0.42857142857142855
211 0.42857142857142855
250 0.42857142857142855
292 0.42857142857142855
348 0.42857142857142855
360 0.42857142857142855
382 0.42857142857142855
405 0.42857142857142855
412 0.42857142857142855
416 0.42857142857142855
443 0.42857142857142855
445 0.42857142857142855
449 0.42857142857142855
492 0.42857142857142855
497 0.42857142857142855
504 0.42857142857142855
515 0.42857142857142855
521 0.42857142857142855
574 0.42857142857142855
631 0.42857142857142855
632 0.42857142857142855
636 0.42857142857142855
805 0.42857142857142855
810 0.42857142857142855
830 0.42857142857142855
916 0.42857142857142855
955 0.42857142857142855
980 0.42857142857142855
206 0.4
234 0.4
289 0.4
309 0.4
345 0.4
352 0.4
434 0.4
606 0.4
607 0.4
669 0.4
685 0.4
847 0.4
867 0.4
882 0.4
924 0.4
925 0.4
23 0.375
32 0.375
55 0.375
69 0.375
75 0.375
101 0.375
106 0.375
139 0.375
150 0.375
195 0.375
214 0.375
237 0.375
299 0.375
306 0.375
326 0.375
332 0.375
385 0.375
386 0.375
394 0.375
398 0.375
459 0.375
465 0.375
499 0.375
503 0.375
511 0.375
516 0.375
534 0.375
535 0.375
565 0.375
653 0.375
666 0.375
668 0.375
686 0.375
710 0.375
734 0.375
771 0.375
790 0.375
819 0.375
831 0.375
846 0.375
855 0.375
864 0.375
890 0.375
926 0.375
937 0.375
941 0.375
130 0.36363636363636365
297 0.36363636363636365
334 0.36363636363636365
488 0.36363636363636365
625 0.36363636363636365
688 0.36363636363636365
736 0.36363636363636365
873 0.36363636363636365
7 0.3333333333333333
56 0.3333333333333333
58 0.3333333333333333
60 0.3333333333333333
71 0.3333333333333333
72 0.3333333333333333
87 0.3333333333333333
104 0.3333333333333333
108 0.3333333333333333
110 0.3333333333333333
146 0.3333333333333333
162 0.3333333333333333
170 0.3333333333333333
