796 1.0
721 0.8333333333333334
644 0.8
132 0.75
635 0.6666666666666666
646 0.6666666666666666
647 0.6666666666666666
651 0.6666666666666666
710 0.6666666666666666
814 0.6666666666666666
847 0.6666666666666666
887 0.6666666666666666
915 0.6666666666666666
64 0.625
622 0.625
99 0.5714285714285714
207 0.5714285714285714
249 0.5714285714285714
378 0.5714285714285714
523 0.5714285714285714
217 0.5555555555555556
933 0.5555555555555556
76 0.5
79 0.5
184 0.5
224 0.5
305 0.5
725 0.5
111 0.4444444444444444
164 0.4444444444444444
482 0.4444444444444444
538 0.4444444444444444
575 0.4444444444444444
593 0.4444444444444444
600 0.4444444444444444
877 0.4444444444444444
982 0.4444444444444444
96 0.42857142857142855
271 0.42857142857142855
353 0.42857142857142855
382 0.42857142857142855
561 0.42857142857142855
674 0.42857142857142855
702 0.42857142857142855
818 0.42857142857142855
840 0.42857142857142855
855 0.42857142857142855
366 0.4166666666666667
409 0.4166666666666667
28 0.4
201 0.4
261 0.4
410 0.4
486 0.4
642 0.4
765 0.4
771 0.4
1 0.375
13 0.375
101 0.375
264 0.375
274 0.375
323 0.375
398 0.375
414 0.375
423 0.375
477 0.375
498 0.375
544 0.375
618 0.375
657 0.375
742 0.375
775 0.375
916 0.375
953 0.375
961 0.375
61 0.36363636363636365
874 0.36363636363636365
976 0.36363636363636365
12 0.3333333333333333
45 0.3333333333333333
58 0.3333333333333333
94 0.3333333333333333
95 0.3333333333333333
114 0.3333333333333333
151 0.3333333333333333
257 0.3333333333333333
279 0.3333333333333333
289 0.3333333333333333
294 0.3333333333333333
307 0.3333333333333333
324 0.3333333333333333
383 0.3333333333333333
470 0.3333333333333333
479 0.3333333333333333
497 0.3333333333333333
501 0.3333333333333333
519 0.3333333333333333
533 0.3333333333333333
550 0.3333333333333333
565 0.3333333333333333
588 0.3333333333333333
619 0.3333333333333333
639 0.3333333333333333
640 0.3333333333333333
672 0.3333333333333333
676 0.3333333333333333
697 0.3333333333333333
705 0.3333333333333333
750 0.3333333333333333
772 0.3333333333333333
786 0.3333333333333333
793 0.3333333333333333
811 0.3333333333333333
832 0.3333333333333333
843 0.3333333333333333
876 0.3333333333333333
932 0.3333333333333333
940 0.3333333333333333
944 0.3333333333333333
987 0.3333333333333333
80 0.3076923076923077
439 0.3076923076923077
627 0.3076923076923077
769 0.3076923076923077
63 0.3
181 0.3
302 0.3
339 0.3
354 0.3
385 0.3
406 0.3
415 0.3
440 0.3
445 0.3
459 0.3
527 0.3
569 0.3
586 0.3
625 0.3
659 0.3
692 0.3
694 0.3
719 0.3
722 0.3
747 0.3
759 0.3
803 0.3
844 0.3
848 0.3
886 0.3
962 0.3
963 0.3
970 0.3
979 0.3
985 0.3
993 0.3
140 0.2857142857142857
154 0.2857142857142857
171 0.2857142857142857
183 0.2857142857142857
241 0.2857142857142857
281 0.2857142857142857
364 0.2857142857142857
380 0.2857142857142857
397 0.2857142857142857
469 0.2857142857142857
471 0.2857142857142857
494 0.2857142857142857
543 0.2857142857142857
606 0.2857142857142857
611 0.2857142857142857
617 0.2857142857142857
631 0.2857142857142857
668 0.2857142857142857
717 0.2857142857142857
736 0.2857142857142857
743 0.2857142857142857
785 0.2857142857142857
812 0.2857142857142857
830 0.2857142857142857
861 0.2857142857142857
866 0.2857142857142857
869 0.2857142857142857
881 0.2857142857142857
922 0.2857142857142857
955 0.2857142857142857
5 0.2727272727272727
8 0.2727272727272727
11 0.2727272727272727
14 0.2727272727272727
16 0.2727272727272727
20 0.2727272727272727
24 0.2727272727272727
34 0.2727272727272727
62 0.2727272727272727
72 0.2727272727272727
86 0.2727272727272727
89 0.2727272727272727
117 0.2727272727272727
141 0.2727272727272727
149 0.2727272727272727
179 0.2727272727272727
265 0.2727272727272727
269 0.2727272727272727
308 0.2727272727272727
314 0.2727272727272727
317 0.2727272727272727
319 0.2727272727272727
343 0.2727272727272727
371 0.2727272727272727
379 0.2727272727272727
388 0.2727272727272727
452 0.2727272727272727
462 0.2727272727272727
552 0.2727272727272727
553 0.2727272727272727
581 0.2727272727272727
607 0.2727272727272727
652 0.2727272727272727
713 0.2727272727272727
727 0.2727272727272727
753 0.2727272727272727
776 0.2727272727272727
800 0.2727272727272727
871 0.2727272727272727
890 0.2727272727272727
928 0.2727272727272727
938 0.2727272727272727
969 0.2727272727272727
17 0.25
21 0.25
22 0.25
77 0.25
82 0.25
105 0.25
106 0.25
108 0.25
116 0.25
131 0.25
135 0.25
148 0.25
163 0.25
174 0.25
175 0.25
177 0.25
185 0.25
190 0.25
193 0.25
194 0.25
