486 1.0
693 1.0
407 0.9090909090909091
788 0.8888888888888888
221 0.7777777777777778
597 0.7777777777777778
133 0.75
381 0.75
516 0.75
455 0.7142857142857143
961 0.7142857142857143
218 0.6666666666666666
220 0.6666666666666666
236 0.6666666666666666
264 0.6666666666666666
379 0.6666666666666666
433 0.6666666666666666
538 0.6666666666666666
574 0.6666666666666666
594 0.6666666666666666
702 0.6666666666666666
792 0.6666666666666666
875 0.6666666666666666
907 0.6666666666666666
950 0.6666666666666666
966 0.6666666666666666
983 0.6666666666666666
157 0.625
569 0.6
624 0.6
644 0.6
679 0.6
692 0.6
377 0.5833333333333334
7 0.5714285714285714
170 0.5714285714285714
336 0.5714285714285714
354 0.5714285714285714
472 0.5714285714285714
529 0.5714285714285714
640 0.5714285714285714
831 0.5714285714285714
891 0.5714285714285714
142 0.5555555555555556
346 0.5555555555555556
800 0.5555555555555556
870 0.5454545454545454
890 0.5454545454545454
967 0.5454545454545454
154 0.5
241 0.5
288 0.5
300 0.5
421 0.5
445 0.5
512 0.5
530 0.5
578 0.5
606 0.5
619 0.5
723 0.5
798 0.5
933 0.5
975 0.5
184 0.45454545454545453
534 0.45454545454545453
103 0.4444444444444444
112 0.4444444444444444
148 0.4444444444444444
200 0.4444444444444444
360 0.4444444444444444
422 0.4444444444444444
460 0.4444444444444444
523 0.4444444444444444
726 0.4444444444444444
837 0.4444444444444444
886 0.4444444444444444
917 0.4444444444444444
53 0.42857142857142855
195 0.42857142857142855
208 0.42857142857142855
272 0.42857142857142855
280 0.42857142857142855
497 0.42857142857142855
706 0.42857142857142855
215 0.4166666666666667
328 0.4166666666666667
167 0.4
182 0.4
265 0.4
447 0.4
468 0.4
490 0.4
599 0.4
629 0.4
681 0.4
736 0.4
772 0.4
801 0.4
899 0.4
984 0.4
21 0.38461538461538464
39 0.375
94 0.375
121 0.375
134 0.375
203 0.375
293 0.375
305 0.375
332 0.375
343 0.375
389 0.375
396 0.375
430 0.375
442 0.375
449 0.375
515 0.375
522 0.375
533 0.375
556 0.375
577 0.375
582 0.375
598 0.375
602 0.375
665 0.375
673 0.375
773 0.375
849 0.375
928 0.375
31 0.36363636363636365
57 0.36363636363636365
183 0.36363636363636365
247 0.36363636363636365
268 0.36363636363636365
903 0.36363636363636365
232 0.35714285714285715
1 0.3333333333333333
23 0.3333333333333333
34 0.3333333333333333
44 0.3333333333333333
49 0.3333333333333333
52 0.3333333333333333
62 0.3333333333333333
69 0.3333333333333333
78 0.3333333333333333
85 0.3333333333333333
95 0.3333333333333333
96 0.3333333333333333
106 0.3333333333333333
119 0.3333333333333333
120 0.3333333333333333
138 0.3333333333333333
149 0.3333333333333333
150 0.3333333333333333
174 0.3333333333333333
206 0.3333333333333333
210 0.3333333333333333
230 0.3333333333333333
251 0.3333333333333333
252 0.3333333333333333
261 0.3333333333333333
267 0.3333333333333333
270 0.3333333333333333
278 0.3333333333333333
284 0.3333333333333333
292 0.3333333333333333
309 0.3333333333333333
333 0.3333333333333333
345 0.3333333333333333
362 0.3333333333333333
364 0.3333333333333333
386 0.3333333333333333
399 0.3333333333333333
402 0.3333333333333333
440 0.3333333333333333
453 0.3333333333333333
461 0.3333333333333333
469 0.3333333333333333
488 0.3333333333333333
514 0.3333333333333333
526 0.3333333333333333
539 0.3333333333333333
542 0.3333333333333333
549 0.3333333333333333
561 0.3333333333333333
590 0.3333333333333333
609 0.3333333333333333
618 0.3333333333333333
634 0.3333333333333333
637 0.3333333333333333
642 0.3333333333333333
649 0.3333333333333333
664 0.3333333333333333
670 0.3333333333333333
672 0.3333333333333333
675 0.3333333333333333
689 0.3333333333333333
695 0.3333333333333333
699 0.3333333333333333
700 0.3333333333333333
710 0.3333333333333333
805 0.3333333333333333
810 0.3333333333333333
814 0.3333333333333333
840 0.3333333333333333
851 0.3333333333333333
868 0.3333333333333333
874 0.3333333333333333
878 0.3333333333333333
880 0.3333333333333333
881 0.3333333333333333
893 0.3333333333333333
910 0.3333333333333333
912 0.3333333333333333
930 0.3333333333333333
932 0.3333333333333333
945 0.3333333333333333
957 0.3333333333333333
969 0.3333333333333333
973 0.3333333333333333
980 0.3333333333333333
982 0.3333333333333333
989 0.3333333333333333
995 0.3333333333333333
93 0.3076923076923077
132 0.3076923076923077
471 0.3076923076923077
595 0.3076923076923077
616 0.3076923076923077
724 0.3076923076923077
838 0.3076923076923077
848 0.3076923076923077
883 0.3076923076923077
13 0.3
16 0.3
40 0.3
71 0.3
107 0.3
117 0.3
151 0.3
158 0.3
185 0.3
196 0.3
237 0.3
243 0.3
245 0.3
257 0.3
260 0.3
266 0.3
286 0.3
