516 1.0
204 0.9090909090909091
238 0.8333333333333334
699 0.8333333333333334
996 0.8333333333333334
320 0.8181818181818182
351 0.8
656 0.7777777777777778
150 0.7272727272727273
365 0.7142857142857143
27 0.6666666666666666
161 0.6666666666666666
376 0.6666666666666666
700 0.6666666666666666
768 0.6666666666666666
920 0.6666666666666666
132 0.625
162 0.625
374 0.6
880 0.6
460 0.5833333333333334
2 0.5714285714285714
148 0.5714285714285714
247 0.5714285714285714
273 0.5714285714285714
315 0.5714285714285714
423 0.5714285714285714
484 0.5714285714285714
520 0.5714285714285714
528 0.5714285714285714
532 0.5714285714285714
601 0.5714285714285714
623 0.5714285714285714
792 0.5714285714285714
854 0.5714285714285714
864 0.5714285714285714
904 0.5714285714285714
973 0.5714285714285714
991 0.5714285714285714
171 0.5555555555555556
660 0.5555555555555556
527 0.5454545454545454
97 0.5
146 0.5
251 0.5
253 0.5
276 0.5
317 0.5
332 0.5
384 0.5
606 0.5
750 0.5
781 0.5
786 0.5
874 0.5
993 0.5
998 0.5
657 0.45454545454545453
834 0.45454545454545453
34 0.4444444444444444
137 0.4444444444444444
201 0.4444444444444444
217 0.4444444444444444
264 0.4444444444444444
313 0.4444444444444444
400 0.4444444444444444
424 0.4444444444444444
469 0.4444444444444444
533 0.4444444444444444
608 0.4444444444444444
612 0.4444444444444444
752 0.4444444444444444
829 0.4444444444444444
861 0.4444444444444444
942 0.4444444444444444
963 0.4444444444444444
987 0.4444444444444444
71 0.42857142857142855
179 0.42857142857142855
211 0.42857142857142855
243 0.42857142857142855
375 0.42857142857142855
382 0.42857142857142855
526 0.42857142857142855
551 0.42857142857142855
668 0.42857142857142855
707 0.42857142857142855
729 0.42857142857142855
771 0.42857142857142855
795 0.42857142857142855
940 0.42857142857142855
982 0.42857142857142855
294 0.4166666666666667
0 0.4
29 0.4
47 0.4
89 0.4
131 0.4
290 0.4
350 0.4
439 0.4
453 0.4
492 0.4
529 0.4
538 0.4
759 0.4
784 0.4
209 0.38461538461538464
634 0.38461538461538464
43 0.375
54 0.375
109 0.375
114 0.375
124 0.375
167 0.375
178 0.375
198 0.375
230 0.375
246 0.375
249 0.375
300 0.375
304 0.375
305 0.375
310 0.375
318 0.375
321 0.375
352 0.375
373 0.375
414 0.375
433 0.375
442 0.375
466 0.375
480 0.375
524 0.375
569 0.375
580 0.375
627 0.375
638 0.375
697 0.375
733 0.375
755 0.375
773 0.375
779 0.375
823 0.375
828 0.375
850 0.375
877 0.375
922 0.375
980 0.375
77 0.36363636363636365
155 0.36363636363636365
427 0.36363636363636365
835 0.36363636363636365
839 0.36363636363636365
926 0.36363636363636365
936 0.36363636363636365
937 0.36363636363636365
968 0.36363636363636365
125 0.35714285714285715
1 0.3333333333333333
3 0.3333333333333333
5 0.3333333333333333
11 0.3333333333333333
14 0.3333333333333333
44 0.3333333333333333
58 0.3333333333333333
79 0.3333333333333333
95 0.3333333333333333
99 0.3333333333333333
101 0.3333333333333333
105 0.3333333333333333
112 0.3333333333333333
143 0.3333333333333333
147 0.3333333333333333
202 0.3333333333333333
228 0.3333333333333333
241 0.3333333333333333
270 0.3333333333333333
275 0.3333333333333333
277 0.3333333333333333
325 0.3333333333333333
334 0.3333333333333333
348 0.3333333333333333
372 0.3333333333333333
386 0.3333333333333333
394 0.3333333333333333
416 0.3333333333333333
434 0.3333333333333333
435 0.3333333333333333
441 0.3333333333333333
464 0.3333333333333333
471 0.3333333333333333
475 0.3333333333333333
531 0.3333333333333333
537 0.3333333333333333
539 0.3333333333333333
553 0.3333333333333333
554 0.3333333333333333
590 0.3333333333333333
592 0.3333333333333333
607 0.3333333333333333
611 0.3333333333333333
619 0.3333333333333333
622 0.3333333333333333
624 0.3333333333333333
644 0.3333333333333333
649 0.3333333333333333
666 0.3333333333333333
691 0.3333333333333333
723 0.3333333333333333
743 0.3333333333333333
749 0.3333333333333333
753 0.3333333333333333
761 0.3333333333333333
763 0.3333333333333333
775 0.3333333333333333
789 0.3333333333333333
790 0.3333333333333333
799 0.3333333333333333
807 0.3333333333333333
812 0.3333333333333333
845 0.3333333333333333
852 0.3333333333333333
857 0.3333333333333333
866 0.3333333333333333
893 0.3333333333333333
897 0.3333333333333333
927 0.3333333333333333
931 0.3333333333333333
964 0.3333333333333333
974 0.3333333333333333
979 0.3333333333333333
985 0.3333333333333333
990 0.3333333333333333
19 0.3076923076923077
377 0.3076923076923077
618 0.3076923076923077
680 0.3076923076923077
690 0.3076923076923077
728 0.3076923076923077
851 0.3076923076923077
31 0.3
59 0.3
65 0.3
84 0.3
85 0.3
102 0.3
122 0.3
130 0.3
164 0.3
