571 0.9
366 0.8
702 0.7
61 0.6666666666666666
118 0.6666666666666666
133 0.6666666666666666
339 0.6666666666666666
413 0.6666666666666666
485 0.6666666666666666
557 0.6666666666666666
591 0.6666666666666666
199 0.6
305 0.6
369 0.6
491 0.6
781 0.6
935 0.6
11 0.5714285714285714
274 0.5714285714285714
324 0.5714285714285714
374 0.5714285714285714
415 0.5714285714285714
474 0.5714285714285714
530 0.5714285714285714
628 0.5714285714285714
636 0.5714285714285714
679 0.5714285714285714
812 0.5714285714285714
853 0.5714285714285714
964 0.5714285714285714
15 0.5
22 0.5
165 0.5
256 0.5
260 0.5
272 0.5
282 0.5
295 0.5
312 0.5
508 0.5
558 0.5
627 0.5
663 0.5
719 0.5
743 0.5
848 0.5
863 0.5
967 0.5
14 0.4444444444444444
132 0.4444444444444444
185 0.4444444444444444
288 0.4444444444444444
325 0.4444444444444444
335 0.4444444444444444
352 0.4444444444444444
484 0.4444444444444444
509 0.4444444444444444
689 0.4444444444444444
710 0.4444444444444444
766 0.4444444444444444
57 0.42857142857142855
101 0.42857142857142855
135 0.42857142857142855
308 0.42857142857142855
454 0.42857142857142855
463 0.42857142857142855
780 0.42857142857142855
871 0.42857142857142855
607 0.4166666666666667
38 0.4
84 0.4
420 0.4
638 0.4
726 0.4
913 0.4
937 0.4
5 0.375
143 0.375
156 0.375
207 0.375
236 0.375
278 0.375
341 0.375
401 0.375
414 0.375
427 0.375
477 0.375
513 0.375
521 0.375
527 0.375
556 0.375
580 0.375
612 0.375
620 0.375
647 0.375
660 0.375
683 0.375
803 0.375
912 0.375
330 0.36363636363636365
461 0.36363636363636365
712 0.36363636363636365
746 0.36363636363636365
28 0.35714285714285715
262 0.35714285714285715
7 0.3333333333333333
18 0.3333333333333333
33 0.3333333333333333
49 0.3333333333333333
55 0.3333333333333333
82 0.3333333333333333
85 0.3333333333333333
87 0.3333333333333333
127 0.3333333333333333
179 0.3333333333333333
201 0.3333333333333333
227 0.3333333333333333
248 0.3333333333333333
254 0.3333333333333333
259 0.3333333333333333
298 0.3333333333333333
299 0.3333333333333333
301 0.3333333333333333
361 0.3333333333333333
362 0.3333333333333333
378 0.3333333333333333
398 0.3333333333333333
444 0.3333333333333333
460 0.3333333333333333
487 0.3333333333333333
516 0.3333333333333333
529 0.3333333333333333
535 0.3333333333333333
543 0.3333333333333333
548 0.3333333333333333
552 0.3333333333333333
555 0.3333333333333333
564 0.3333333333333333
593 0.3333333333333333
602 0.3333333333333333
616 0.3333333333333333
644 0.3333333333333333
648 0.3333333333333333
669 0.3333333333333333
671 0.3333333333333333
685 0.3333333333333333
709 0.3333333333333333
724 0.3333333333333333
731 0.3333333333333333
744 0.3333333333333333
793 0.3333333333333333
797 0.3333333333333333
820 0.3333333333333333
851 0.3333333333333333
874 0.3333333333333333
879 0.3333333333333333
928 0.3333333333333333
936 0.3333333333333333
942 0.3333333333333333
943 0.3333333333333333
954 0.3333333333333333
957 0.3333333333333333
981 0.3333333333333333
982 0.3333333333333333
984 0.3333333333333333
92 0.3076923076923077
145 0.3076923076923077
393 0.3076923076923077
451 0.3076923076923077
858 0.3076923076923077
29 0.3
32 0.3
36 0.3
51 0.3
111 0.3
120 0.3
147 0.3
163 0.3
200 0.3
202 0.3
213 0.3
221 0.3
229 0.3
242 0.3
249 0.3
284 0.3
290 0.3
316 0.3
319 0.3
350 0.3
390 0.3
396 0.3
505 0.3
517 0.3
531 0.3
590 0.3
619 0.3
631 0.3
684 0.3
686 0.3
735 0.3
739 0.3
764 0.3
783 0.3
809 0.3
815 0.3
819 0.3
821 0.3
832 0.3
840 0.3
855 0.3
868 0.3
941 0.3
983 0.3
19 0.2857142857142857
47 0.2857142857142857
78 0.2857142857142857
81 0.2857142857142857
83 0.2857142857142857
99 0.2857142857142857
191 0.2857142857142857
251 0.2857142857142857
300 0.2857142857142857
355 0.2857142857142857
368 0.2857142857142857
425 0.2857142857142857
437 0.2857142857142857
442 0.2857142857142857
481 0.2857142857142857
486 0.2857142857142857
493 0.2857142857142857
503 0.2857142857142857
511 0.2857142857142857
520 0.2857142857142857
538 0.2857142857142857
613 0.2857142857142857
658 0.2857142857142857
699 0.2857142857142857
782 0.2857142857142857
786 0.2857142857142857
825 0.2857142857142857
836 0.2857142857142857
841 0.2857142857142857
849 0.2857142857142857
865 0.2857142857142857
875 0.2857142857142857
902 0.2857142857142857
924 0.2857142857142857
925 0.2857142857142857
944 0.2857142857142857
